-13724.1
-13724.1
-13724.1
-13724.1
-13724.1
-13724.1
-13724.1
-13724.1
-13724.1
-13724.1
-13724.1
-13724.1
-13724.1
-13724.1
-13724.1
-13724.1
-13724.1
-13724.1
-13724.1
-13724.1
-13724.1
-13724
-13724
-13724
-13723.9
-13723.8
-13723.8
-13723.8
-13723.7
-13723.7
-13723.6
-13723.5
-13723.4
-13723.4
-13723.3
-13723.2
-13723.2
-13723.1
-13723.1
-13723
-13723
-13722.9
-13722.9
-13722.8
-13722.8
-13722.8
-13722.8
-13722.7
-13722.7
-13722.7
-13722.7
-13722.7
-13722.6
-13722.6
-13722.6
-13722.5
-13722.5
-13722.5
-13722.5
-13722.4
-13722.4
-13722.4
-13722.4
-13722.4
-13722.3
-13722.3
-13722.3
-13722.3
-13722.3
-13722.3
-13722.3
-13722.2
-13722.2
-13722.2
-13722.2
-13722.3
-13722.3
-13722.3
-13722.3
-13722.3
-13722.3
-13722.4
-13722.4
-13722.4
-13722.4
-13722.4
-13722.4
-13722.5
-13722.4
-13722.4
-13722.4
-13722.5
-13722.4
-13722.4
-13722.4
-13722.4
-13722.4
-13722.4
-13722.5
-13722.5
-13722.4
-13722.4
-13722.4
-13722.4
-13722.4
-13722.4
-13722.5
-13722.5
-13722.5
-13722.5
-13722.4
-13722.4
-13722.5
-13722.5
-13722.5
-13722.5
-13722.5
-13722.6
-13722.6
-13722.6
-13722.5
-13722.5
-13722.5
-13722.5
-13722.5
-13722.5
-13722.5
-13722.5
-13722.6
-13722.6
-13722.6
-13722.6
-13722.5
-13722.5
-13722.6
-13722.5
-13722.5
-13722.5
-13722.4
-13722.4
-13722.4
-13722.3
-13722.3
-13722.3
-13722.3
-13722.3
-13722.3
-13722.3
-13722.3
-13722.3
-13722.3
-13722.3
-13722.3
-13722.3
-13722.4
-13722.4
-13722.4
-13722.4
-13722.3
-13722.3
-13722.3
-13722.4
-13722.4
-13722.5
-13722.5
-13722.4
-13722.4
-13722.4
-13722.4
-13722.3
-13722.3
-13722.4
-13722.4
-13722.4
-13722.5
-13722.5
-13722.6
-13722.6
-13722.6
-13722.6
-13722.6
-13722.7
-13722.7
-13722.7
-13722.7
-13722.8
-13722.8
-13722.8
-13722.7
-13722.7
-13722.7
-13722.7
-13722.7
-13722.7
-13722.7
-13722.7
-13722.7
-13722.7
-13722.7
-13722.7
-13722.7
-13722.7
-13722.7
-13722.7
-13722.7
-13722.7
-13722.7
-13722.7
-13722.7
-13722.7
-13722.6
-13722.6
-13722.6
-13722.6
-13722.6
-13722.6
-13722.6
-13722.6
-13722.6
-13722.6
-13722.6
-13722.6
-13722.6
-13722.6
-13722.6
-13722.6
-13722.6
-13722.6
-13722.6
-13722.5
-13722.5
-13722.6
-13722.6
-13722.6
-13722.6
-13722.6
-13722.7
-13722.6
-13722.6
-13722.6
-13722.6
-13722.6
-13722.6
-13722.5
-13722.5
-13722.5
-13722.5
-13722.6
-13722.5
-13722.5
-13722.5
-13722.5
-13722.5
-13722.5
-13722.6
-13722.6
-13722.5
-13722.5
-13722.5
-13722.5
-13722.5
-13722.5
-13722.5
-13722.5
-13722.5
-13722.5
-13722.5
-13722.5
-13722.5
-13722.5
-13722.6
-13722.6
-13722.6
-13722.6
-13722.6
-13722.6
-13722.7
-13722.7
-13722.7
-13722.7
-13722.7
-13722.7
-13722.7
-13722.7
-13722.7
-13722.7
-13722.7
-13722.7
-13722.7
-13722.6
-13722.6
-13722.6
-13722.7
-13722.7
-13722.7
-13722.7
-13722.7
-13722.7
-13722.7
-13722.7
-13722.7
-13722.7
-13722.8
-13722.8
-13722.8
-13722.8
-13722.8
-13722.8
-13722.8
-13722.8
-13722.8
-13722.8
-13722.8
-13722.8
-13722.8
-13722.8
-13722.8
-13722.8
-13722.8
-13722.9
-13722.8
-13722.8
-13722.8
-13722.9
-13722.9
-13722.9
-13722.9
-13723
-13723
-13722.9
-13722.9
-13722.9
-13722.9
-13722.9
-13722.9
-13722.9
-13722.9
-13722.9
-13722.9
-13722.9
-13722.9
-13722.9
-13722.9
-13722.9
-13722.9
-13722.9
-13722.9
-13722.9
-13722.9
-13722.9
-13723
-13723
-13723
-13723
-13722.9
-13722.9
-13722.9
-13723
-13723
-13723
-13723
-13723
-13722.9
-13722.9
-13722.9
-13722.9
-13722.9
-13722.9
-13722.9
-13722.9
-13722.8
-13722.8
-13722.8
-13722.8
-13722.8
-13722.8
-13722.7
-13722.7
-13722.8
-13722.8
-13722.8
-13722.8
-13722.8
-13722.8
-13722.8
-13722.8
-13722.8
-13722.8
-13722.9
-13722.9
-13722.9
-13722.9
-13722.8
-13722.9
-13722.9
-13722.9
-13722.9
-13722.9
-13722.9
-13722.9
-13723
-13723
-13723
-13723
-13722.9
-13722.9
-13722.9
-13722.9
-13722.9
-13722.9
-13722.8
-13722.8
-13722.8
-13722.8
-13722.8
-13722.8
-13722.8
-13722.8
-13722.8
-13722.8
-13722.8
-13722.8
-13722.8
-13722.7
-13722.7
-13722.7
-13722.7
-13722.8
-13722.7
-13722.7
-13722.7
-13722.7
-13722.7
-13722.7
-13722.7
-13722.7
-13722.8
-13722.8
-13722.8
-13722.8
-13722.8
-13722.8
-13722.8
-13722.8
-13722.8
-13722.8
-13722.8
-13722.8
-13722.8
-13722.8
-13722.8
-13722.8
-13722.8
-13722.8
-13722.9
-13722.9
-13722.9
-13722.8
-13722.8
-13722.8
-13722.8
-13722.7
-13722.7
-13722.7
-13722.7
-13722.7
-13722.7
-13722.7
-13722.7
-13722.7
-13722.6
-13722.6
-13722.6
-13722.6
-13722.6
-13722.6
-13722.6
-13722.6
-13722.5
-13722.5
-13722.5
-13722.5
-13722.5
-13722.5
-13722.5
-13722.5
-13722.5
-13722.5
-13722.6
-13722.6
-13722.5
-13722.6
-13722.6
-13722.6
-13722.5
-13722.5
-13722.5
-13722.5
-13722.5
-13722.5
-13722.5
-13722.5
-13722.5
-13722.5
-13722.5
-13722.5
-13722.5
-13722.5
-13722.4
-13722.4
-13722.5
-13722.4
-13722.5
-13722.4
-13722.4
-13722.4
-13722.4
-13722.4
-13722.4
-13722.4
-13722.4
-13722.4
-13722.4
-13722.5
-13722.5
-13722.4
-13722.4
-13722.5
-13722.5
-13722.4
-13722.4
-13722.5
-13722.5
-13722.6
-13722.6
-13722.6
-13722.7
-13722.6
-13722.6
-13722.6
-13722.6
-13722.6
-13722.6
-13722.5
-13722.5
-13722.6
-13722.6
-13722.6
-13722.5
-13722.5
-13722.6
-13722.6
-13722.6
-13722.6
-13722.6
-13722.6
-13722.7
-13722.7
-13722.7
-13722.7
-13722.7
-13722.8
-13722.8
-13722.8
-13722.8
-13722.8
-13722.8
-13722.8
-13722.9
-13722.9
-13722.9
-13722.9
-13722.9
-13722.9
-13722.9
-13722.8
-13722.8
-13722.8
-13722.8
-13722.8
-13722.7
-13722.7
-13722.7
-13722.8
-13722.7
-13722.7
-13722.7
-13722.7
-13722.6
-13722.7
-13722.7
-13722.7
-13722.6
-13722.6
-13722.6
-13722.6
-13722.7
-13722.6
-13722.6
-13722.6
-13722.6
-13722.6
-13722.5
-13722.5
-13722.6
-13722.6
-13722.6
-13722.6
-13722.6
-13722.5
-13722.5
-13722.5
-13722.5
-13722.5
-13722.6
-13722.5
-13722.5
-13722.5
-13722.5
-13722.5
-13722.5
-13722.5
-13722.6
-13722.6
-13722.6
-13722.6
-13722.6
-13722.6
-13722.6
-13722.5
-13722.5
-13722.5
-13722.5
-13722.4
-13722.5
-13722.5
-13722.5
-13722.5
-13722.5
-13722.5
-13722.5
-13722.4
-13722.4
-13722.4
-13722.4
-13722.4
-13722.4
-13722.4
-13722.4
-13722.5
-13722.5
-13722.5
-13722.5
-13722.5
-13722.5
-13722.5
-13722.5
-13722.4
-13722.4
-13722.4
-13722.4
-13722.4
-13722.4
-13722.4
-13722.4
-13722.5
-13722.5
-13722.5
-13722.5
-13722.5
-13722.5
-13722.5
-13722.4
-13722.4
-13722.4
-13722.4
-13722.4
-13722.5
-13722.4
-13722.4
-13722.4
-13722.4
-13722.3
-13722.3
-13722.4
-13722.4
-13722.4
-13722.4
-13722.3
-13722.3
-13722.4
-13722.4
-13722.4
-13722.4
-13722.4
-13722.4
-13722.4
-13722.4
-13722.4
-13722.4
-13722.3
-13722.4
-13722.4
-13722.4
-13722.5
-13722.5
-13722.5
-13722.5
-13722.5
-13722.5
-13722.5
-13722.5
-13722.5
-13722.6
-13722.6
-13722.6
-13722.7
-13722.6
-13722.7
-13722.7
-13722.7
-13722.8
-13722.8
-13722.8
-13722.8
-13722.8
-13722.8
-13722.8
-13722.8
-13722.9
-13722.8
-13722.9
-13722.9
-13722.9
-13722.9
-13722.9
-13722.9
-13722.9
-13722.9
-13722.8
-13722.8
-13722.8
-13722.8
-13722.8
-13722.8
-13722.8
-13722.8
-13722.8
-13722.8
-13722.8
-13722.8
-13722.8
-13722.8
-13722.8
-13722.8
-13722.8
-13722.8
-13722.8
-13722.9
-13722.8
-13722.9
-13722.8
-13722.9
-13722.9
-13722.9
-13722.9
-13722.9
-13723
-13722.9
-13722.9
-13722.9
-13722.9
-13722.9
-13722.9
-13723
-13723
-13723
-13723
-13723
-13723.1
-13723.1
-13723
-13723
-13723
-13723
-13722.9
-13722.9
-13722.9
-13722.8
-13722.8
-13722.8
-13722.8
-13722.8
-13722.9
-13722.9
-13722.9
-13722.9
-13722.9
-13722.8
-13722.8
-13722.8
-13722.8
-13722.7
-13722.7
-13722.7
-13722.7
-13722.7
-13722.7
-13722.8
-13722.7
-13722.7
-13722.7
-13722.7
-13722.7
-13722.7
-13722.7
-13722.7
-13722.7
-13722.7
-13722.7
-13722.7
-13722.7
-13722.6
-13722.6
-13722.6
-13722.7
-13722.7
-13722.7
-13722.6
-13722.7
-13722.6
-13722.6
-13722.6
-13722.5
-13722.6
-13722.6
-13722.6
-13722.5
-13722.5
-13722.5
-13722.5
-13722.5
-13722.5
-13722.5
-13722.5
-13722.5
-13722.4
-13722.4
-13722.4
-13722.4
-13722.4
-13722.4
-13722.4
-13722.4
-13722.5
-13722.5
-13722.5
-13722.5
-13722.5
-13722.5
-13722.5
-13722.5
-13722.5
-13722.6
-13722.5
-13722.5
-13722.6
-13722.6
-13722.5
-13722.6
-13722.6
-13722.5
-13722.5
-13722.5
-13722.6
-13722.6
-13722.6
-13722.6
-13722.5
-13722.5
-13722.5
-13722.5
-13722.4
-13722.5
-13722.5
-13722.5
-13722.5
-13722.5
-13722.4
-13722.4
-13722.4
-13722.4
-13722.4
-13722.4
-13722.4
-13722.4
-13722.3
-13722.4
-13722.3
-13722.3
-13722.3
-13722.3
-13722.3
-13722.4
-13722.4
-13722.3
-13722.3
-13722.4
-13722.3
-13722.3
-13722.4
-13722.5
-13722.4
-13722.4
-13722.4
-13722.4
-13722.4
-13722.4
-13722.4
-13722.5
-13722.5
-13722.5
-13722.6
-13722.6
-13722.6
-13722.6
-13722.5
-13722.5
-13722.5
-13722.5
-13722.5
-13722.5
-13722.5
-13722.6
-13722.6
-13722.6
-13722.6
-13722.6
-13722.6
-13722.6
-13722.6
-13722.6
-13722.7
-13722.7
-13722.7
-13722.7
-13722.7
-13722.8
-13722.8
-13722.8
-13722.8
-13722.8
-13722.8
-13722.7
-13722.7
-13722.7
-13722.7
-13722.7
-13722.7
-13722.7
-13722.8
-13722.8
-13722.8
-13722.9
-13722.9
-13722.9
-13722.9
-13722.9
-13722.9
-13723
-13723
-13723
-13723.1
-13723.1
-13723
-13723
-13723.1
-13723.1
-13723.1
-13723.2
-13723.2
-13723.2
-13723.2
-13723.1
-13723.1
-13723
-13723
-13723
-13723
-13723
-13723
-13723
-13723
-13723
-13723
-13723
-13723
-13723
-13723
-13722.9
