-16160.7
-15882.5
-15455.1
-14962.4
-14540.7
-14312.5
-14298.2
-14423.9
-14592.5
-14735.7
-14824.7
-14859
-14856.5
-14840.8
-14835.3
-14854.7
-14899.9
-14960.1
-15021
-15070.4
-15098.9
-15102.1
-15082.7
-15049.5
-15012.9
-14980.7
-14957.5
-14946.7
-14947.9
-14958.4
-14973.3
-14986.8
-14993.7
-14990.7
-14977.2
-14956.6
-14936
-14923.1
-14922.2
-14932.8
-14950.3
-14969
-14984.2
-14992.7
-14994.3
-14990.1
-14981.9
-14972.6
-14966.4
-14965.8
-14970.6
-14978
-14983.5
-14984
-14980.4
-14975.4
-14970.7
-14966.7
-14963.8
-14962.4
-14964.2
-14970.3
-14978.3
-14984.3
-14984.7
-14979.6
-14971.3
-14964.7
-14962.8
-14967
-14976.7
-14989.9
-15003
-15011.8
-15014.7
-15011.2
-15002.5
-14992.7
-14983.5
-14975.4
-14969.2
-14966
-14965.7
-14966.8
-14967.5
-14965.2
-14958.3
-14947.9
-14939
-14938.1
-14946.5
-14959.4
-14968.9
-14970.2
-14964.6
-14957.8
-14954.2
-14956.3
-14963.2
-14974.4
-14988.8
-15004.6
-15018.3
-15026.5
-15027.3
-15020.2
-15008.2
-14994.3
-14981.5
-14970.1
-14959.2
-14948.6
-14939.2
-14931.7
-14925.8
-14923.3
-14926.8
-14937.3
-14952.4
-14969.1
-14984.1
-14995
-14999.9
-14998.1
-14989.8
-14979.1
-14972
-14972.5
-14980.6
-14992.7
-15004.1
-15009.8
-15007
-14997.8
-14987.1
-14979.3
-14975.5
-14973.2
-14969.2
-14961.5
-14952
-14942.8
-14936.9
-14937
-14943.9
-14956.2
-14969.8
-14980.3
-14985.9
-14987.5
-14988.5
-14990.1
-14991.1
-14990.4
-14986.8
-14981.7
-14976.3
-14971.4
-14965.9
-14958.5
-14950.6
-14945.7
-14946.9
-14955
-14967.2
-14978.3
-14983.5
-14980.5
-14971.4
-14960.4
-14952.6
-14951.7
-14958.1
-14968.2
-14977.6
-14984.4
-14989.6
-14994.4
-14998.2
-14998.1
-14992.2
-14982.3
-14974.1
-14972.3
-14977.7
-14987.3
-14995.6
-14998.5
-14994.7
-14986.1
-14975.8
-14966.4
-14958.5
-14953.5
-14951.9
-14954.2
-14960.7
-14972.3
-14987.5
-15002
-15011.3
-15013
-15007.4
-14996.9
-14984.3
-14972.1
-14963
-14957.9
-14957
-14958.4
-14961.2
-14964.5
-14968.6
-14972.1
-14974
-14973.4
-14971
-14968.6
-14968.4
-14972.3
-14978.9
-14986.2
-14992.2
-14994.9
-14993.3
-14987.8
-14980.9
-14975.9
-14973.3
-14971.9
-14968.7
-14962
-14952.5
-14942.2
-14933.1
-14926.7
-14924.5
-14928.2
-14938.1
-14953.3
-14971.5
-14989.4
-15003.9
-15012.5
-15014
-15008.2
-14998.3
-14987.4
-14978.7
-14973.1
-14969.8
-14967.7
-14966.5
-14966.3
-14967.3
-14969.4
-14971.6
-14972.6
-14972.2
-14970.2
-14968.3
-14968.5
-14970.8
-14975.2
-14980.7
-14986
-14988.5
-14987.3
-14982.8
-14977.1
-14972.2
-14970.5
-14971.8
-14973.7
-14973.4
-14969.7
-14964.2
-14959.1
-14957
-14960
-14968.2
-14979.9
-14990.6
-14995.3
-14992.6
-14985.8
-14979.6
-14978.2
-14982.2
-14988.1
-14991.8
-14989.2
-14979.2
-14964.2
-14949.3
-14939.9
-14937.9
-14942.7
-14953.5
-14968.9
-14985
-14998.2
-15006.3
-15008.1
-15003.5
-14993.1
-14979.4
-14966
-14958.2
-14957.7
-14962.7
-14968.1
-14970.9
-14969.8
-14966.4
-14962.2
-14958.4
-14955
-14952.6
-14952.5
-14955.1
-14960.1
-14965.6
-14971.7
-14978.9
-14987.6
-14995.6
-15000.3
-14999.3
-14993.4
-14985
-14977.1
-14972.3
-14971.1
-14972.3
-14973
-14970.7
-14965.2
-14960.2
-14959.7
-14965.2
-14973.2
-14979.5
-14982.5
-14982.2
-14980.5
-14977.2
-14971.8
-14964.6
-14957.4
-14954.1
-14957.1
-14966.9
-14979.9
-14991.6
-14997.9
-14997.8
-14993.6
-14989.5
-14986.1
-14980.9
-14975
-14971.9
-14972.4
-14974.1
-14974.6
-14972.6
-14968.9
-14965
-14962.8
-14964.9
-14971.9
-14981
-14988.1
-14990.5
-14989.8
-14988.4
-14985.8
-14980.4
-14971
-14960.1
-14952
-14950.4
-14954.2
-14959.2
-14962
-14962.7
-14962.9
-14963.7
-14965.6
-14969
-14973.6
-14979.4
-14986.2
-14993.2
-14997.5
-14996.6
-14989.6
-14979.3
-14969.6
-14963.3
-14961.1
-14961.4
-14962.3
-14963.3
-14965.3
-14970.3
-14978.4
-14986.8
-14992.3
-14993.5
-14990.4
-14983.6
-14975.3
-14968.1
-14963.3
-14960
-14956.5
-14952.3
-14948.3
-14947.6
-14953.2
-14965
-14979.9
-14993.9
-15004.1
-15008.8
-15007.9
-15001.3
-14989.9
-14975.6
-14962.2
-14952.6
-14946.8
-14944.2
-14944.5
-14947.6
-14952.5
-14958
-14964.1
-14970.5
-14975.8
-14978.6
-14980.6
-14982.9
-14985.6
-14987.7
-14988.3
-14986.8
-14982.8
-14976.2
-14969.2
-14965.9
-14969.3
-14977.2
-14985.1
-14987.5
-14982.4
-14972.9
-14964
-14959.2
-14959.6
-14963.9
-14970.4
-14978.2
-14985.2
-14990.1
-14991.8
-14990.6
-14986.9
-14980.2
-14970.4
-14958.5
-14946.1
-14934.6
-14927.7
-14927.6
-14934
-14945.2
-14959.2
-14974.8
-14989.5
-15000.4
-15005.2
-15003.4
-14996
-14985.2
-14974
-14964.7
-14959.2
-14957.3
-14958.1
-14960.6
-14965.1
-14971.2
-14977.8
-14983.7
-14987.8
-14989.2
-14988.6
-14986
-14982.2
-14976.7
-14970.3
-14964
-14959.3
-14957
-14958
-14962.7
-14970.1
-14977.9
-14984
-14985.9
-14982.6
-14975.5
-14969
-14967
-14969.4
-14974.4
-14980.7
-14987.4
-14992
-14992.9
-14989.5
-14983.4
-14976.1
-14968.5
-14960.8
-14953.8
-14949.9
-14952.7
-14964.2
-14981.4
-14997
-15003.4
-14997.1
-14980.6
-14961.2
-14947.6
-14945.2
-14953.3
-14967.4
-14981.2
-14990.2
-14992.1
-14987.7
-14980.7
-14973.3
-14965.4
-14957
-14950.1
-14946.9
-14948.2
-14952.1
-14956.4
-14960.8
-14966.3
-14972.9
-14979.6
-14983.6
-14983.5
-14978.9
-14971.8
-14965.7
-14964.5
-14969.5
-14977.6
-14984.3
-14987.4
-14987.3
-14985.3
-14982.6
-14979.2
-14975.2
-14971.2
-14969.8
-14971.7
-14973.1
-14969.5
-14960.6
-14950.2
-14942.4
-14939.3
-14942.7
-14952.3
-14964.9
-14975.6
-14981.6
-14983
-14981.8
-14980.2
-14979.4
-14980.7
-14985.2
-14993.2
-15002.8
-15010.8
-15013.6
-15008.9
-14996.1
-14977.6
-14957.6
-14942
-14935.9
-14940.7
-14953.5
-14969.6
-14984
-14992.2
-14992
-14984.4
-14972.1
-14959.9
-14952.5
-14952.4
-14956.2
-14960.8
-14965.9
-14972.8
-14981.1
-14988.1
-14990.3
-14985.8
-14977.1
-14968.6
-14964.2
-14963.7
-14965.1
-14967.2
-14969.2
-14970.8
-14971.9
-14972.9
-14973.6
-14974
-14972.8
-14970.2
-14966.6
-14964.4
-14965.7
-14970.8
-14977.8
-14984.3
-14989.1
-14991.5
-14991.3
-14988.7
-14983.7
-14977.5
-14971.1
-14966.2
-14964.1
-14965.7
-14970.6
-14977.2
-14982.6
-14983.8
-14980.3
-14974.3
-14969.9
-14967.9
-14968.3
-14970.1
-14973.4
-14977.3
-14981.4
-14984.2
-14984.6
-14982
-14978.4
-14975.9
-14975.9
-14979
-14983.9
-14988.1
-14989.1
-14985.5
-14977.2
-14966.5
-14957.8
-14954.6
-14956
-14960
-14964.4
-14968.5
-14971.8
-14975
-14978.9
-14984.8
-14992
-14997.9
-14998.3
-14992.2
-14981.7
-14971.1
-14962.9
-14957.2
-14953.8
-14952.9
-14954.2
-14957
-14959.6
-14961.1
-14963.2
-14968.9
-14979.2
-14990
-14995.7
-14992.7
-14983.1
-14972.9
-14966.6
-14965.6
-14969
-14976.2
-14985.4
-14994.5
-15000.8
-15000.9
-14994.9
-14983.7
-14969.3
-14952.3
-14933.7
-14916.8
-14907
-14908.3
-14920.9
-14941.7
-14965.3
-14985.8
-14999.4
-15005.4
-15005.8
-15003.1
-14998
-14990.9
-14981.3
-14970.8
-14962.8
-14961.2
-14967
-14977.1
-14985.8
-14988.9
-14985.9
-14979.2
-14972.7
-14969.3
-14968.9
-14969.8
-14970.8
-14972.1
-14974.2
-14976.2
-14977.7
-14978.4
-14978.4
-14977.2
-14974.7
-14972.1
-14970.8
-14971.3
-14973.5
-14976.4
-14978.7
-14979.9
-14980.3
-14980.9
-14982.1
-14984.4
-14986.5
-14985.4
-14978.4
-14966.4
-14954.9
-14949.5
-14951.4
-14957.4
-14963.5
-14967.1
-14968
-14967.1
-14965.6
-14963.5
-14961.5
-14960.9
-14962.5
-14966.7
-14972.4
-14977.4
-14980.2
-14981.8
-14983.3
-14986.5
-14991.6
-14996.3
-14997
-14991.8
-14982.1
-14972.1
-14965.8
-14964.8
-14968.8
-14975.8
-14982.6
-14986.4
-14985.4
-14979.3
-14969.5
-14957.8
-14947.8
-14942.5
-14943.5
-14949.5
-14958.6
-14968.6
-14978.3
-14986.2
-14991
-14991.4
-14988.3
-14983.6
-14978.2
-14973
-14968.2
-14964.6
-14964.1
-14966.2
-14968.9
-14971
-14972.3
-14973.8
-14975.2
-14976
-14976.4
-14977.6
-14979.1
-14980
-14979.6
-14979.4
-14980.5
-14982.6
-14983.5
-14980.7
-14973
-14962.5
-14952.9
-14946.9
-14945.8
-14948.4
-14953.2
-14958.7
-14964.5
-14970.3
-14976
-14982.2
-14988.1
-14992.5
-14993.6
-14990.2
-14981.2
-14968
-14955.8
-14950.6
-14956.4
-14971.3
-14990.5
-15007.7
-15018.4
-15019.9
-15011.6
-14996.9
-14979.3
-14962.4
-14948.6
-14939.7
-14935.4
-14933.9
-14933
-14933.2
-14937.5
-14949.3
-14966.8
-14983.2
-14992.6
-14993.7
-14988.4
-14979.1
-14968.4
-14958.7
-14953.5
-14954.9
-14963.1
-14976.3
-14990.6
-15001.9
-15006.5
-15002.4
-14991.1
-14977.3
-14965.4
-14958.8
-14959.4
-14967.4
-14981
-14994.7
-15002.5
-15001.1
-14991.9
-14979.2
-14967.8
-14961.3
-14960.1
-14963.3
-14970.3
-14980.4
-14990.7
-14997.5
-14996.8
-14989
-14977
-14966
-14959.9
-14959.8
-14963.5
-14965.7
-14962.2
-14951.6
-14936.8
-14924.3
-14919.5
-14923.9
-14937.1
-14956
-14976.6
-14993.4
-15003.5
-15006.7
-15005.2
-15001.8
-14998.2
-14993.4
-14986.1
-14976.7
-14968.3
-14964.2
-14964.3
-14965.5
-14966.2
-14965.9
-14965.4
-14964.5
-14962.6
-14959.1
-14954.7
-14952.3
-14953.8
-14959.9
-14969.1
-14978.9
-14985.1
-14985.1
-14979.3
-14972.8
-14969.7
-14972.4
-14979
-14985.9
-14989.9
-14991
-14990.4
-14988.2
-14983.5
-14976.9
-14970.2
-14966.5
-14967.1
-14970.8
-14975
-14977.1
-14975
-14970.6
-14966.3
-14964.5
-14963.9
-14961.8
-14958.2
-14956.9
-14960.6
-14968.8
-14976.9
-14980.2
-14978.4
-14974.4
-14972.2
-14972.7
-14972.7
-14968.7
-14960.5
