256
800.000000
0.000000 0.000000
0.001000 0.000020
0.002000 0.000076
0.003000 0.000167
0.004000 0.000293
0.005000 0.000446
0.006000 0.000625
0.007000 0.000832
0.008000 0.001072
0.009000 0.001322
0.010000 0.001589
0.011000 0.001878
0.012000 0.002178
0.013000 0.002490
0.014000 0.002815
0.015000 0.003146
0.016000 0.003499
0.017000 0.003856
0.018000 0.004213
0.019000 0.004571
0.020000 0.004909
0.021000 0.005249
0.022000 0.005599
0.023000 0.005924
0.024000 0.006244
0.025000 0.006562
0.026000 0.006878
0.027000 0.007193
0.028000 0.007524
0.029000 0.007874
0.030000 0.008243
0.031000 0.008627
0.032000 0.009022
0.033000 0.009428
0.034000 0.009837
0.035000 0.010259
0.036000 0.010679
0.037000 0.011101
0.038000 0.011524
0.039000 0.011947
0.040000 0.012369
0.041000 0.012791
0.042000 0.013225
0.043000 0.013654
0.044000 0.014092
0.045000 0.014554
0.046000 0.015029
0.047000 0.015496
0.048000 0.015931
0.049000 0.016382
0.050000 0.016824
0.051000 0.017259
0.052000 0.017703
0.053000 0.018155
0.054000 0.018581
0.055000 0.018996
0.056000 0.019391
0.057000 0.019754
0.058000 0.020128
0.059000 0.020492
0.060000 0.020860
0.061000 0.021242
0.062000 0.021629
0.063000 0.022032
0.064000 0.022426
0.065000 0.022830
0.066000 0.023204
0.067000 0.023588
0.068000 0.023982
0.069000 0.024385
0.070000 0.024769
0.071000 0.025140
0.072000 0.025487
0.073000 0.025854
0.074000 0.026206
0.075000 0.026565
0.076000 0.026938
0.077000 0.027233
0.078000 0.027530
0.079000 0.027839
0.080000 0.028164
0.081000 0.028491
0.082000 0.028804
0.083000 0.029133
0.084000 0.029461
0.085000 0.029800
0.086000 0.030149
0.087000 0.030483
0.088000 0.030805
0.089000 0.031150
0.090000 0.031451
0.091000 0.031792
0.092000 0.032133
0.093000 0.032463
0.094000 0.032806
0.095000 0.033132
0.096000 0.033467
0.097000 0.033723
0.098000 0.033993
0.099000 0.034298
0.100000 0.034617
0.101000 0.034888
0.102000 0.035142
0.103000 0.035395
0.104000 0.035642
0.105000 0.035877
0.106000 0.036151
0.107000 0.036406
0.108000 0.036619
0.109000 0.036829
0.110000 0.037025
0.111000 0.037183
0.112000 0.037325
0.113000 0.037456
0.114000 0.037621
0.115000 0.037784
0.116000 0.037973
0.117000 0.038176
0.118000 0.038409
0.119000 0.038645
0.120000 0.038874
0.121000 0.039093
0.122000 0.039307
0.123000 0.039520
0.124000 0.039776
0.125000 0.040030
0.126000 0.040298
0.127000 0.040594
0.128000 0.040867
0.129000 0.041168
0.130000 0.041474
0.131000 0.041784
0.132000 0.042101
0.133000 0.042361
0.134000 0.042600
0.135000 0.042826
0.136000 0.042993
0.137000 0.043153
0.138000 0.043298
0.139000 0.043459
0.140000 0.043632
0.141000 0.043800
0.142000 0.043988
0.143000 0.044139
0.144000 0.044277
0.145000 0.044450
0.146000 0.044658
0.147000 0.044876
0.148000 0.045081
0.149000 0.045253
0.150000 0.045438
0.151000 0.045664
0.152000 0.045913
0.153000 0.046144
0.154000 0.046340
0.155000 0.046548
0.156000 0.046761
0.157000 0.046955
0.158000 0.047138
0.159000 0.047297
0.160000 0.047492
0.161000 0.047697
0.162000 0.047896
0.163000 0.048072
0.164000 0.048247
0.165000 0.048419
0.166000 0.048627
0.167000 0.048846
0.168000 0.049058
0.169000 0.049256
0.170000 0.049457
0.171000 0.049640
0.172000 0.049785
0.173000 0.049935
0.174000 0.050109
0.175000 0.050266
0.176000 0.050369
0.177000 0.050440
0.178000 0.050465
0.179000 0.050497
0.180000 0.050551
0.181000 0.050632
0.182000 0.050713
0.183000 0.050773
0.184000 0.050824
0.185000 0.050863
0.186000 0.050915
0.187000 0.050989
0.188000 0.051100
0.189000 0.051257
0.190000 0.051398
0.191000 0.051528
0.192000 0.051667
0.193000 0.051805
0.194000 0.051912
0.195000 0.052027
0.196000 0.052148
0.197000 0.052299
0.198000 0.052433
0.199000 0.052557
0.200000 0.052674
0.201000 0.052764
0.202000 0.052844
0.203000 0.052941
0.204000 0.053052
0.205000 0.053181
0.206000 0.053335
0.207000 0.053506
0.208000 0.053685
0.209000 0.053916
0.210000 0.054121
0.211000 0.054306
0.212000 0.054483
0.213000 0.054627
0.214000 0.054779
0.215000 0.054956
0.216000 0.055151
0.217000 0.055278
0.218000 0.055481
0.219000 0.055688
0.220000 0.055947
0.221000 0.056218
0.222000 0.056466
0.223000 0.056688
0.224000 0.056880
0.225000 0.057099
0.226000 0.057283
0.227000 0.057479
0.228000 0.057663
0.229000 0.057924
0.230000 0.058180
0.231000 0.058423
0.232000 0.058651
0.233000 0.058861
0.234000 0.059034
0.235000 0.059199
0.236000 0.059321
0.237000 0.059423
0.238000 0.059554
0.239000 0.059657
0.240000 0.059831
0.241000 0.059978
0.242000 0.060164
0.243000 0.060353
0.244000 0.060589
0.245000 0.060745
0.246000 0.060869
0.247000 0.060994
0.248000 0.061073
0.249000 0.061195
0.250000 0.061247
0.251000 0.061321
0.252000 0.061434
0.253000 0.061530
0.254000 0.061651
0.255000 0.061818
0.256000 0.061971
0.257000 0.062133
0.258000 0.062276
0.259000 0.062438
0.260000 0.062630
0.261000 0.062807
0.262000 0.062975
0.263000 0.063185
0.264000 0.063398
0.265000 0.063648
0.266000 0.063876
0.267000 0.064109
0.268000 0.064325
0.269000 0.064553
0.270000 0.064745
0.271000 0.064949
0.272000 0.065139
0.273000 0.065310
0.274000 0.065478
0.275000 0.065665
0.276000 0.065838
0.277000 0.065992
0.278000 0.066144
0.279000 0.066310
0.280000 0.066455
0.281000 0.066608
0.282000 0.066762
0.283000 0.066957
0.284000 0.067154
0.285000 0.067363
0.286000 0.067523
0.287000 0.067688
0.288000 0.067867
0.289000 0.068034
0.290000 0.068206
0.291000 0.068392
0.292000 0.068592
0.293000 0.068742
0.294000 0.068885
0.295000 0.069024
0.296000 0.069168
0.297000 0.069325
0.298000 0.069475
0.299000 0.069622
0.300000 0.069786
0.301000 0.069969
0.302000 0.070142
0.303000 0.070336
0.304000 0.070490
0.305000 0.070605
0.306000 0.070702
0.307000 0.070778
0.308000 0.070795
0.309000 0.070808
0.310000 0.070857
0.311000 0.070889
0.312000 0.070899
0.313000 0.070910
0.314000 0.070941
0.315000 0.070998
0.316000 0.071097
0.317000 0.071172
0.318000 0.071270
0.319000 0.071376
0.320000 0.071424
0.321000 0.071460
0.322000 0.071459
0.323000 0.071442
0.324000 0.071465
0.325000 0.071462
0.326000 0.071508
0.327000 0.071598
0.328000 0.071653
0.329000 0.071640
0.330000 0.071584
0.331000 0.071594
0.332000 0.071591
0.333000 0.071603
0.334000 0.071647
0.335000 0.071712
0.336000 0.071727
0.337000 0.071780
0.338000 0.071834
0.339000 0.071928
0.340000 0.071984
0.341000 0.072070
0.342000 0.072118
0.343000 0.072226
0.344000 0.072401
0.345000 0.072583
0.346000 0.072791
0.347000 0.072982
0.348000 0.073151
0.349000 0.073330
0.350000 0.073522
0.351000 0.073751
0.352000 0.074018
0.353000 0.074272
0.354000 0.074538
0.355000 0.074849
0.356000 0.075068
0.357000 0.075297
0.358000 0.075491
0.359000 0.075653
0.360000 0.075817
0.361000 0.075943
0.362000 0.076067
0.363000 0.076166
0.364000 0.076175
0.365000 0.076213
0.366000 0.076237
0.367000 0.076257
0.368000 0.076273
0.369000 0.076323
0.370000 0.076410
0.371000 0.076484
0.372000 0.076529
0.373000 0.076594
0.374000 0.076639
0.375000 0.076697
0.376000 0.076728
0.377000 0.076802
0.378000 0.076907
0.379000 0.077001
0.380000 0.077061
0.381000 0.077120
0.382000 0.077254
0.383000 0.077431
0.384000 0.077609
0.385000 0.077777
0.386000 0.077928
0.387000 0.078104
0.388000 0.078297
0.389000 0.078506
0.390000 0.078709
0.391000 0.078900
0.392000 0.079061
0.393000 0.079236
0.394000 0.079375
0.395000 0.079498
0.396000 0.079585
0.397000 0.079652
0.398000 0.079678
0.399000 0.079754
0.400000 0.079856
0.401000 0.079907
0.402000 0.079954
0.403000 0.080061
0.404000 0.080158
0.405000 0.080246
0.406000 0.080238
0.407000 0.080241
0.408000 0.080250
0.409000 0.080322
0.410000 0.080461
0.411000 0.080597
0.412000 0.080733
0.413000 0.080919
0.414000 0.081100
0.415000 0.081312
0.416000 0.081508
0.417000 0.081693
0.418000 0.081865
0.419000 0.082033
0.420000 0.082256
0.421000 0.082457
0.422000 0.082660
0.423000 0.082899
0.424000 0.083153
0.425000 0.083375
0.426000 0.083572
0.427000 0.083754
0.428000 0.083910
0.429000 0.084049
0.430000 0.084144
0.431000 0.084250
0.432000 0.084384
0.433000 0.084527
0.434000 0.084711
0.435000 0.084899
0.436000 0.085107
0.437000 0.085299
0.438000 0.085491
0.439000 0.085733
0.440000 0.085983
0.441000 0.086222
0.442000 0.086381
0.443000 0.086596
0.444000 0.086858
0.445000 0.087137
0.446000 0.087358
0.447000 0.087553
0.448000 0.087733
0.449000 0.087881
0.450000 0.088032
0.451000 0.088209
0.452000 0.088326
0.453000 0.088487
0.454000 0.088667
0.455000 0.088862
0.456000 0.089028
0.457000 0.089197
0.458000 0.089350
0.459000 0.089489
0.460000 0.089594
0.461000 0.089688
0.462000 0.089823
0.463000 0.089999
0.464000 0.090192
0.465000 0.090385
0.466000 0.090575
0.467000 0.090752
0.468000 0.090921
0.469000 0.091085
0.470000 0.091290
0.471000 0.091488
0.472000 0.091626
0.473000 0.091779
0.474000 0.091928
0.475000 0.092056
0.476000 0.092162
0.477000 0.092249
0.478000 0.092289
0.479000 0.092306
0.480000 0.092265
0.481000 0.092250
0.482000 0.092302
0.483000 0.092325
0.484000 0.092417
0.485000 0.092500
0.486000 0.092530
0.487000 0.092550
0.488000 0.092558
0.489000 0.092575
0.490000 0.092579
0.491000 0.092559
0.492000 0.092572
0.493000 0.092585
0.494000 0.092608
0.495000 0.092607
0.496000 0.092625
0.497000 0.092691
0.498000 0.092712
0.499000 0.092728
0.500000 0.092782
0.501000 0.092849
0.502000 0.092861
0.503000 0.092846
0.504000 0.092876
0.505000 0.092959
0.506000 0.092998
0.507000 0.092979
0.508000 0.092987
0.509000 0.093018
0.510000 0.093045
0.511000 0.093032
0.512000 0.093047
0.513000 0.093108
0.514000 0.093222
0.515000 0.093316
0.516000 0.093427
0.517000 0.093573
0.518000 0.093728
0.519000 0.093900
0.520000 0.094050
0.521000 0.094264
0.522000 0.094525
0.523000 0.094754
0.524000 0.094988
0.525000 0.095206
0.526000 0.095453
0.527000 0.095707
0.528000 0.095916
0.529000 0.096125
0.530000 0.096404
0.531000 0.096767
0.532000 0.097143
0.533000 0.097519
0.534000 0.097917
0.535000 0.098280
0.536000 0.098628
0.537000 0.099017
0.538000 0.099379
0.539000 0.099693
0.540000 0.100062
0.541000 0.100405
0.542000 0.100773
0.543000 0.101134
0.544000 0.101491
0.545000 0.101856
0.546000 0.102211
0.547000 0.102552
0.548000 0.102889
0.549000 0.103215
0.550000 0.103576
0.551000 0.103923
0.552000 0.104277
0.553000 0.104626
0.554000 0.104959
0.555000 0.105311
0.556000 0.105655
0.557000 0.105904
0.558000 0.106199
0.559000 0.106456
0.560000 0.106752
0.561000 0.107085
0.562000 0.107456
0.563000 0.107821
0.564000 0.108213
0.565000 0.108670
0.566000 0.109106
0.567000 0.109552
0.568000 0.109962
0.569000 0.110365
0.570000 0.110789
0.571000 0.111096
0.572000 0.111389
0.573000 0.111742
0.574000 0.112062
0.575000 0.112367
0.576000 0.112626
0.577000 0.112876
0.578000 0.113116
0.579000 0.113398
0.580000 0.113628
0.581000 0.113765
0.582000 0.113872
0.583000 0.113972
0.584000 0.114138
0.585000 0.114337
0.586000 0.114520
0.587000 0.114714
0.588000 0.114910
0.589000 0.115133
0.590000 0.115383
0.591000 0.115636
0.592000 0.115904
0.593000 0.116216
0.594000 0.116504
0.595000 0.116878
0.596000 0.117188
0.597000 0.117378
0.598000 0.117587
0.599000 0.117755
0.600000 0.117933
0.601000 0.118080
0.602000 0.118241
0.603000 0.118397
0.604000 0.118466
0.605000 0.118566
0.606000 0.118706
0.607000 0.118895
0.608000 0.119106
0.609000 0.119274
0.610000 0.119430
0.611000 0.119623
0.612000 0.119831
0.613000 0.120124
0.614000 0.120424
0.615000 0.120726
0.616000 0.121044
0.617000 0.121327
0.618000 0.121622
0.619000 0.121865
0.620000 0.122130
0.621000 0.122360
0.622000 0.122597
0.623000 0.122864
0.624000 0.123142
0.625000 0.123376
0.626000 0.123684
0.627000 0.123960
0.628000 0.124216
0.629000 0.124441
0.630000 0.124688
0.631000 0.124946
0.632000 0.125144
0.633000 0.125356
0.634000 0.125620
0.635000 0.125842
0.636000 0.126060
0.637000 0.126246
0.638000 0.126394
0.639000 0.126571
0.640000 0.126716
0.641000 0.126856
0.642000 0.126973
0.643000 0.127003
0.644000 0.127073
0.645000 0.127073
0.646000 0.127089
0.647000 0.127091
0.648000 0.127126
0.649000 0.127222
0.650000 0.127243
0.651000 0.127274
0.652000 0.127306
0.653000 0.127400
0.654000 0.127355
0.655000 0.127294
0.656000 0.127275
0.657000 0.127318
0.658000 0.127365
0.659000 0.127367
0.660000 0.127330
0.661000 0.127394
0.662000 0.127462
0.663000 0.127531
0.664000 0.127571
0.665000 0.127637
0.666000 0.127734
0.667000 0.127828
0.668000 0.127969
0.669000 0.128066
0.670000 0.128148
0.671000 0.128240
0.672000 0.128315
0.673000 0.128430
0.674000 0.128508
0.675000 0.128612
0.676000 0.128762
0.677000 0.128936
0.678000 0.129109
0.679000 0.129296
0.680000 0.129488
0.681000 0.129645
0.682000 0.129787
0.683000 0.129918
0.684000 0.130012
0.685000 0.130167
0.686000 0.130340
0.687000 0.130585
0.688000 0.130809
0.689000 0.131001
0.690000 0.131164
0.691000 0.131256
0.692000 0.131278
0.693000 0.131348
0.694000 0.131410
0.695000 0.131434
0.696000 0.131494
0.697000 0.131576
0.698000 0.131646
0.699000 0.131767
0.700000 0.131935
0.701000 0.132070
0.702000 0.132124
0.703000 0.132151
0.704000 0.132179
0.705000 0.132211
0.706000 0.132222
0.707000 0.132257
0.708000 0.132217
0.709000 0.132201
0.710000 0.132183
0.711000 0.132199
0.712000 0.132231
0.713000 0.132256
0.714000 0.132328
0.715000 0.132427
0.716000 0.132603
0.717000 0.132809
0.718000 0.132894
0.719000 0.132977
0.720000 0.133065
0.721000 0.133283
0.722000 0.133498
0.723000 0.133673
0.724000 0.133810
0.725000 0.133852
0.726000 0.133939
0.727000 0.134041
0.728000 0.134139
0.729000 0.134220
0.730000 0.134334
0.731000 0.134522
0.732000 0.134665
0.733000 0.134865
0.734000 0.135097
0.735000 0.135309
0.736000 0.135590
0.737000 0.135944
0.738000 0.136286
0.739000 0.136634
0.740000 0.137013
0.741000 0.137369
0.742000 0.137681
0.743000 0.137880
0.744000 0.138056
0.745000 0.138188
0.746000 0.138236
0.747000 0.138267
0.748000 0.138348
0.749000 0.138443
0.750000 0.138542
0.751000 0.138678
0.752000 0.138747
0.753000 0.138791
0.754000 0.138801
0.755000 0.138724
0.756000 0.138605
0.757000 0.138581
0.758000 0.138675
0.759000 0.138771
0.760000 0.138844
0.761000 0.138917
0.762000 0.139049
0.763000 0.139158
0.764000 0.139273
0.765000 0.139450
0.766000 0.139653
0.767000 0.139804
0.768000 0.140018
0.769000 0.140255
0.770000 0.140433
0.771000 0.140599
0.772000 0.140781
0.773000 0.140938
0.774000 0.141146
0.775000 0.141407
0.776000 0.141600
0.777000 0.141757
0.778000 0.141948
0.779000 0.142141
0.780000 0.142350
0.781000 0.142488
0.782000 0.142635
0.783000 0.142788
0.784000 0.142934
0.785000 0.143066
0.786000 0.143125
0.787000 0.143317
0.788000 0.143525
0.789000 0.143715
0.790000 0.143917
0.791000 0.144074
0.792000 0.144290
0.793000 0.144592
0.794000 0.144892
0.795000 0.145208
0.796000 0.145543
0.797000 0.145886
0.798000 0.146221
0.799000 0.146529
0.800000 0.146791
0.801000 0.147026
0.802000 0.147264
0.803000 0.147472
0.804000 0.147707
0.805000 0.147924
0.806000 0.148204
0.807000 0.148500
0.808000 0.148844
0.809000 0.149241
0.810000 0.149697
0.811000 0.150187
0.812000 0.150627
0.813000 0.151013
0.814000 0.151360
0.815000 0.151575
0.816000 0.151843
0.817000 0.152079
0.818000 0.152287
0.819000 0.152438
0.820000 0.152526
0.821000 0.152474
0.822000 0.152475
0.823000 0.152463
0.824000 0.152403
0.825000 0.152318
0.826000 0.152184
0.827000 0.152085
0.828000 0.151948
0.829000 0.151839
0.830000 0.151811
0.831000 0.151800
0.832000 0.151751
0.833000 0.151738
0.834000 0.151738
0.835000 0.151721
0.836000 0.151700
0.837000 0.151796
0.838000 0.151890
0.839000 0.151998
0.840000 0.152109
0.841000 0.152254
0.842000 0.152368
0.843000 0.152586
0.844000 0.152787
0.845000 0.152935
0.846000 0.153229
0.847000 0.153558
0.848000 0.153870
0.849000 0.154241
0.850000 0.154511
0.851000 0.154769
0.852000 0.154947
0.853000 0.155155
0.854000 0.155343
0.855000 0.155536
0.856000 0.155716
0.857000 0.155956
0.858000 0.156205
0.859000 0.156403
0.860000 0.156587
0.861000 0.156760
0.862000 0.157002
0.863000 0.157289
0.864000 0.157596
0.865000 0.157965
0.866000 0.158315
0.867000 0.158663
0.868000 0.158968
0.869000 0.159234
0.870000 0.159521
0.871000 0.159861
0.872000 0.160130
0.873000 0.160376
0.874000 0.160579
0.875000 0.160805
0.876000 0.160937
0.877000 0.161055
0.878000 0.161108
0.879000 0.161189
0.880000 0.161267
0.881000 0.161331
0.882000 0.161448
0.883000 0.161495
0.884000 0.161527
0.885000 0.161514
0.886000 0.161535
0.887000 0.161592
0.888000 0.161576
0.889000 0.161650
0.890000 0.161747
0.891000 0.161758
0.892000 0.161795
0.893000 0.161829
0.894000 0.161837
0.895000 0.161875
0.896000 0.162006
0.897000 0.162157
0.898000 0.162232
0.899000 0.162323
0.900000 0.162368
0.901000 0.162296
0.902000 0.162270
0.903000 0.162284
0.904000 0.162301
0.905000 0.162276
0.906000 0.162293
0.907000 0.162232
0.908000 0.162208
0.909000 0.162143
0.910000 0.162102
0.911000 0.162036
0.912000 0.161974
0.913000 0.161787
0.914000 0.161636
0.915000 0.161457
0.916000 0.161280
0.917000 0.161041
0.918000 0.160884
0.919000 0.160709
0.920000 0.160540
0.921000 0.160415
0.922000 0.160342
0.923000 0.160308
0.924000 0.160273
0.925000 0.160209
0.926000 0.160109
0.927000 0.160026
0.928000 0.159922
0.929000 0.159839
0.930000 0.159742
0.931000 0.159667
0.932000 0.159630
0.933000 0.159628
0.934000 0.159642
0.935000 0.159680
0.936000 0.159743
0.937000 0.159736
0.938000 0.159706
0.939000 0.159653
0.940000 0.159674
0.941000 0.159824
0.942000 0.159972
0.943000 0.160051
0.944000 0.160121
0.945000 0.160185
0.946000 0.160311
0.947000 0.160456
0.948000 0.160541
0.949000 0.160572
0.950000 0.160648
0.951000 0.160777
0.952000 0.160917
0.953000 0.161121
0.954000 0.161299
0.955000 0.161423
0.956000 0.161531
0.957000 0.161593
0.958000 0.161697
0.959000 0.161854
0.960000 0.161910
0.961000 0.162016
0.962000 0.162166
0.963000 0.162311
0.964000 0.162431
0.965000 0.162652
0.966000 0.162900
0.967000 0.163158
0.968000 0.163415
0.969000 0.163702
0.970000 0.163993
0.971000 0.164251
0.972000 0.164393
0.973000 0.164591
0.974000 0.164820
0.975000 0.165044
0.976000 0.165331
0.977000 0.165647
0.978000 0.165961
0.979000 0.166291
0.980000 0.166606
0.981000 0.167001
0.982000 0.167453
0.983000 0.167905
0.984000 0.168310
0.985000 0.168656
0.986000 0.168988
0.987000 0.169286
0.988000 0.169660
0.989000 0.170070
0.990000 0.170338
0.991000 0.170534
0.992000 0.170672
0.993000 0.170798
0.994000 0.170993
0.995000 0.171260
0.996000 0.171609
0.997000 0.171905
0.998000 0.172197
0.999000 0.172531
1.000000 0.172800
1.001000 0.173092
1.002000 0.173390
1.003000 0.173674
1.004000 0.173926
1.005000 0.174208
1.006000 0.174461
1.007000 0.174805
1.008000 0.175238
1.009000 0.175605
1.010000 0.175895
1.011000 0.176188
1.012000 0.176487
1.013000 0.176759
1.014000 0.177025
1.015000 0.177261
1.016000 0.177441
1.017000 0.177626
1.018000 0.177798
1.019000 0.177932
1.020000 0.178029
1.021000 0.178191
1.022000 0.178368
1.023000 0.178435
1.024000 0.178542
1.025000 0.178604
1.026000 0.178683
1.027000 0.178783
1.028000 0.178870
1.029000 0.179040
1.030000 0.179198
1.031000 0.179368
1.032000 0.179616
1.033000 0.179856
1.034000 0.180029
1.035000 0.180165
1.036000 0.180174
1.037000 0.180235
1.038000 0.180218
1.039000 0.180217
1.040000 0.180233
1.041000 0.180289
1.042000 0.180402
1.043000 0.180567
1.044000 0.180803
1.045000 0.181098
1.046000 0.181403
1.047000 0.181713
1.048000 0.182014
1.049000 0.182286
1.050000 0.182542
1.051000 0.182766
1.052000 0.182986
1.053000 0.183233
1.054000 0.183606
1.055000 0.183990
1.056000 0.184407
1.057000 0.184764
1.058000 0.185085
1.059000 0.185368
1.060000 0.185577
1.061000 0.185771
1.062000 0.185948
1.063000 0.186195
1.064000 0.186431
1.065000 0.186651
1.066000 0.186856
1.067000 0.187083
1.068000 0.187250
1.069000 0.187457
1.070000 0.187625
1.071000 0.187768
1.072000 0.187960
1.073000 0.188124
1.074000 0.188270
1.075000 0.188388
1.076000 0.188417
1.077000 0.188492
1.078000 0.188578
1.079000 0.188713
1.080000 0.188815
1.081000 0.188887
1.082000 0.188976
1.083000 0.189119
1.084000 0.189309
1.085000 0.189423
1.086000 0.189491
1.087000 0.189530
1.088000 0.189470
1.089000 0.189511
1.090000 0.189566
1.091000 0.189648
1.092000 0.189761
1.093000 0.189852
1.094000 0.190016
1.095000 0.190195
1.096000 0.190427
1.097000 0.190648
1.098000 0.190849
1.099000 0.191094
1.100000 0.191272
1.101000 0.191426
1.102000 0.191601
1.103000 0.191787
1.104000 0.192029
1.105000 0.192270
1.106000 0.192370
1.107000 0.192433
1.108000 0.192573
1.109000 0.192705
1.110000 0.192968
1.111000 0.193179
1.112000 0.193393
1.113000 0.193554
1.114000 0.193770
1.115000 0.193996
1.116000 0.194242
1.117000 0.194363
1.118000 0.194464
1.119000 0.194577
1.120000 0.194719
1.121000 0.194835
1.122000 0.194969
1.123000 0.195139
1.124000 0.195331
1.125000 0.195528
1.126000 0.195753
1.127000 0.195989
1.128000 0.196105
1.129000 0.196237
1.130000 0.196407
1.131000 0.196627
1.132000 0.196843
1.133000 0.196920
1.134000 0.197024
1.135000 0.197098
1.136000 0.197180
1.137000 0.197148
1.138000 0.197074
1.139000 0.197064
1.140000 0.197135
1.141000 0.197250
1.142000 0.197362
1.143000 0.197442
1.144000 0.197480
1.145000 0.197505
1.146000 0.197463
1.147000 0.197477
1.148000 0.197491
1.149000 0.197541
1.150000 0.197579
1.151000 0.197691
1.152000 0.197744
1.153000 0.197769
1.154000 0.197780
1.155000 0.197822
1.156000 0.197824
1.157000 0.197840
1.158000 0.197852
1.159000 0.197888
1.160000 0.197911
1.161000 0.198034
1.162000 0.198059
1.163000 0.197982
1.164000 0.197893
1.165000 0.197733
1.166000 0.197567
1.167000 0.197421
1.168000 0.197319
1.169000 0.197234
1.170000 0.197114
1.171000 0.196941
1.172000 0.196761
1.173000 0.196523
1.174000 0.196367
1.175000 0.196193
1.176000 0.196071
1.177000 0.195944
1.178000 0.195795
1.179000 0.195605
1.180000 0.195407
1.181000 0.195227
1.182000 0.194995
1.183000 0.194818
1.184000 0.194678
1.185000 0.194546
1.186000 0.194422
1.187000 0.194319
1.188000 0.194239
1.189000 0.194156
1.190000 0.194065
1.191000 0.194099
1.192000 0.194078
1.193000 0.194070
1.194000 0.194098
1.195000 0.194228
1.196000 0.194314
1.197000 0.194445
1.198000 0.194547
1.199000 0.194640
1.200000 0.194693
1.201000 0.194827
1.202000 0.194970
1.203000 0.195178
1.204000 0.195242
1.205000 0.195305
1.206000 0.195415
1.207000 0.195459
1.208000 0.195453
1.209000 0.195466
1.210000 0.195454
1.211000 0.195521
1.212000 0.195574
1.213000 0.195667
1.214000 0.195871
1.215000 0.196024
1.216000 0.196117
1.217000 0.196220
1.218000 0.196359
1.219000 0.196445
1.220000 0.196533
1.221000 0.196585
1.222000 0.196707
1.223000 0.196842
1.224000 0.197030
1.225000 0.197203
1.226000 0.197369
1.227000 0.197465
1.228000 0.197570
1.229000 0.197625
1.230000 0.197685
1.231000 0.197749
1.232000 0.197810
1.233000 0.197904
1.234000 0.197943
1.235000 0.197943
1.236000 0.197953
1.237000 0.197941
1.238000 0.197958
1.239000 0.197984
1.240000 0.198069
1.241000 0.198159
1.242000 0.198304
1.243000 0.198393
1.244000 0.198594
1.245000 0.198783
1.246000 0.199018
1.247000 0.199296
1.248000 0.199531
1.249000 0.199656
1.250000 0.199842
1.251000 0.200077
1.252000 0.200325
1.253000 0.200584
1.254000 0.200697
1.255000 0.200772
1.256000 0.200830
1.257000 0.200927
1.258000 0.200991
1.259000 0.201046
1.260000 0.201075
1.261000 0.201106
1.262000 0.201158
1.263000 0.201168
1.264000 0.201211
1.265000 0.201288
1.266000 0.201419
1.267000 0.201561
1.268000 0.201659
1.269000 0.201833
1.270000 0.202011
1.271000 0.202257
1.272000 0.202546
1.273000 0.202792
1.274000 0.203018
1.275000 0.203189
1.276000 0.203365
1.277000 0.203489
1.278000 0.203597
1.279000 0.203742
1.280000 0.203901
1.281000 0.204090
1.282000 0.204302
1.283000 0.204422
1.284000 0.204590
1.285000 0.204781
1.286000 0.204982
1.287000 0.205146
1.288000 0.205411
1.289000 0.205662
1.290000 0.205949
1.291000 0.206211
1.292000 0.206488
1.293000 0.206721
1.294000 0.207023
1.295000 0.207319
1.296000 0.207607
1.297000 0.207867
1.298000 0.208096
1.299000 0.208319
1.300000 0.208524
1.301000 0.208762
1.302000 0.209053
1.303000 0.209313
1.304000 0.209641
1.305000 0.209952
1.306000 0.210174
1.307000 0.210451
1.308000 0.210712
1.309000 0.210982
1.310000 0.211208
1.311000 0.211454
1.312000 0.211747
1.313000 0.212049
1.314000 0.212369
1.315000 0.212707
1.316000 0.213024
1.317000 0.213370
1.318000 0.213751
1.319000 0.214168
1.320000 0.214466
1.321000 0.214632
1.322000 0.214749
1.323000 0.214911
1.324000 0.215111
1.325000 0.215361
1.326000 0.215621
1.327000 0.215955
1.328000 0.216323
1.329000 0.216616
1.330000 0.216891
1.331000 0.217174
1.332000 0.217499
1.333000 0.217819
1.334000 0.218160
1.335000 0.218553
1.336000 0.218918
1.337000 0.219281
1.338000 0.219665
1.339000 0.219995
1.340000 0.220359
1.341000 0.220808
1.342000 0.221209
1.343000 0.221618
1.344000 0.221975
1.345000 0.222356
1.346000 0.222758
1.347000 0.223125
1.348000 0.223451
1.349000 0.223698
1.350000 0.223953
1.351000 0.224250
1.352000 0.224483
1.353000 0.224703
1.354000 0.224860
1.355000 0.225012
1.356000 0.225122
1.357000 0.225209
1.358000 0.225396
1.359000 0.225599
1.360000 0.225797
1.361000 0.226046
1.362000 0.226359
1.363000 0.226735
1.364000 0.227088
1.365000 0.227444
1.366000 0.227744
1.367000 0.227987
1.368000 0.228207
1.369000 0.228384
1.370000 0.228419
1.371000 0.228501
1.372000 0.228573
1.373000 0.228601
1.374000 0.228591
1.375000 0.228621
1.376000 0.228552
1.377000 0.228431
1.378000 0.228329
1.379000 0.228326
1.380000 0.228342
1.381000 0.228205
1.382000 0.228099
1.383000 0.228035
1.384000 0.228035
1.385000 0.228165
1.386000 0.228216
1.387000 0.228104
1.388000 0.227937
1.389000 0.227736
1.390000 0.227662
1.391000 0.227650
1.392000 0.227680
1.393000 0.227619
1.394000 0.227568
1.395000 0.227545
1.396000 0.227515
1.397000 0.227510
1.398000 0.227447
1.399000 0.227430
1.400000 0.227480
1.401000 0.227552
1.402000 0.227646
1.403000 0.227723
1.404000 0.227784
1.405000 0.227845
1.406000 0.227927
1.407000 0.228180
1.408000 0.228438
1.409000 0.228690
1.410000 0.228935
1.411000 0.229142
1.412000 0.229325
1.413000 0.229371
1.414000 0.229402
1.415000 0.229534
1.416000 0.229640
1.417000 0.229638
1.418000 0.229608
1.419000 0.229485
1.420000 0.229446
1.421000 0.229409
1.422000 0.229384
1.423000 0.229347
1.424000 0.229389
1.425000 0.229534
1.426000 0.229712
1.427000 0.229872
1.428000 0.229968
1.429000 0.230055
1.430000 0.230131
1.431000 0.230229
1.432000 0.230334
1.433000 0.230403
1.434000 0.230522
1.435000 0.230667
1.436000 0.230838
1.437000 0.230975
1.438000 0.231066
1.439000 0.231186
1.440000 0.231266
1.441000 0.231448
1.442000 0.231531
1.443000 0.231570
1.444000 0.231567
1.445000 0.231641
1.446000 0.231748
1.447000 0.231810
1.448000 0.231840
1.449000 0.231874
1.450000 0.231906
1.451000 0.231967
1.452000 0.232023
1.453000 0.232111
1.454000 0.232224
1.455000 0.232306
1.456000 0.232420
1.457000 0.232482
1.458000 0.232566
1.459000 0.232685
1.460000 0.232791
1.461000 0.232967
1.462000 0.233099
1.463000 0.233142
1.464000 0.233237
1.465000 0.233286
1.466000 0.233321
1.467000 0.233371
1.468000 0.233445
1.469000 0.233550
1.470000 0.233627
1.471000 0.233675
1.472000 0.233751
1.473000 0.233794
1.474000 0.233838
1.475000 0.233920
1.476000 0.233987
1.477000 0.234086
1.478000 0.234107
1.479000 0.234142
1.480000 0.234139
1.481000 0.234177
1.482000 0.234219
1.483000 0.234198
1.484000 0.234123
1.485000 0.234113
1.486000 0.234075
1.487000 0.234045
1.488000 0.234077
1.489000 0.234128
1.490000 0.234071
1.491000 0.234092
1.492000 0.234193
1.493000 0.234379
1.494000 0.234537
1.495000 0.234704
1.496000 0.234848
1.497000 0.234938
1.498000 0.235006
1.499000 0.235119
1.500000 0.235266
1.501000 0.235402
1.502000 0.235541
1.503000 0.235620
1.504000 0.235682
1.505000 0.235722
1.506000 0.235750
1.507000 0.235707
1.508000 0.235780
1.509000 0.235784
1.510000 0.235792
1.511000 0.235769
1.512000 0.235718
1.513000 0.235766
1.514000 0.235796
1.515000 0.235899
1.516000 0.236049
1.517000 0.236313
1.518000 0.236600
1.519000 0.236807
1.520000 0.237014
1.521000 0.237273
1.522000 0.237477
1.523000 0.237632
1.524000 0.237819
1.525000 0.238004
1.526000 0.238141
1.527000 0.238266
1.528000 0.238447
1.529000 0.238612
1.530000 0.238734
1.531000 0.238885
1.532000 0.239064
1.533000 0.239178
1.534000 0.239283
1.535000 0.239462
1.536000 0.239663
1.537000 0.239911
1.538000 0.240133
1.539000 0.240358
1.540000 0.240518
1.541000 0.240754
1.542000 0.240975
1.543000 0.241184
1.544000 0.241398
1.545000 0.241536
1.546000 0.241659
1.547000 0.241791
1.548000 0.241959
1.549000 0.242121
1.550000 0.242218
1.551000 0.242257
1.552000 0.242253
1.553000 0.242245
1.554000 0.242257
1.555000 0.242366
1.556000 0.242539
1.557000 0.242665
1.558000 0.242870
1.559000 0.243095
1.560000 0.243305
1.561000 0.243506
1.562000 0.243685
1.563000 0.243840
1.564000 0.244008
1.565000 0.244127
1.566000 0.244313
1.567000 0.244447
1.568000 0.244618
1.569000 0.244672
1.570000 0.244651
1.571000 0.244578
1.572000 0.244535
1.573000 0.244553
1.574000 0.244636
1.575000 0.244729
1.576000 0.244810
1.577000 0.244915
1.578000 0.245006
1.579000 0.245146
1.580000 0.245277
1.581000 0.245386
1.582000 0.245459
1.583000 0.245515
1.584000 0.245531
1.585000 0.245641
1.586000 0.245706
1.587000 0.245740
1.588000 0.245695
1.589000 0.245549
1.590000 0.245431
1.591000 0.245255
1.592000 0.245014
1.593000 0.244819
1.594000 0.244703
1.595000 0.244528
1.596000 0.244413
1.597000 0.244283
1.598000 0.244224
1.599000 0.244147
1.600000 0.244092
1.601000 0.244026
1.602000 0.243976
1.603000 0.244013
1.604000 0.244009
1.605000 0.244075
1.606000 0.244287
1.607000 0.244505
1.608000 0.244755
1.609000 0.244940
1.610000 0.245112
1.611000 0.245281
1.612000 0.245494
1.613000 0.245704
1.614000 0.245945
1.615000 0.246228
1.616000 0.246594
1.617000 0.247016
1.618000 0.247406
1.619000 0.247814
1.620000 0.248226
1.621000 0.248614
1.622000 0.249055
1.623000 0.249613
1.624000 0.250176
1.625000 0.250718
1.626000 0.251263
1.627000 0.251780
1.628000 0.252399
1.629000 0.253044
1.630000 0.253806
1.631000 0.254479
1.632000 0.255222
1.633000 0.256022
1.634000 0.256782
1.635000 0.257432
1.636000 0.258019
1.637000 0.258586
1.638000 0.259094
1.639000 0.259643
1.640000 0.260092
1.641000 0.260554
1.642000 0.260985
1.643000 0.261440
1.644000 0.261926
1.645000 0.262423
1.646000 0.262763
1.647000 0.263012
1.648000 0.263228
1.649000 0.263428
1.650000 0.263647
1.651000 0.263966
1.652000 0.264253
1.653000 0.264506
1.654000 0.264744
1.655000 0.265067
1.656000 0.265357
1.657000 0.265683
1.658000 0.265956
1.659000 0.266217
1.660000 0.266512
1.661000 0.266755
1.662000 0.266980
1.663000 0.267240
1.664000 0.267461
1.665000 0.267778
1.666000 0.268080
1.667000 0.268420
1.668000 0.268793
1.669000 0.269137
1.670000 0.269484
1.671000 0.269851
1.672000 0.270220
1.673000 0.270539
1.674000 0.270877
1.675000 0.271051
1.676000 0.271368
1.677000 0.271725
1.678000 0.272051
1.679000 0.272329
1.680000 0.272552
1.681000 0.272751
1.682000 0.272931
1.683000 0.273144
1.684000 0.273323
1.685000 0.273482
1.686000 0.273664
1.687000 0.273833
1.688000 0.274047
1.689000 0.274253
1.690000 0.274284
1.691000 0.274345
1.692000 0.274439
1.693000 0.274598
1.694000 0.274732
1.695000 0.274878
1.696000 0.274984
1.697000 0.275116
1.698000 0.275312
1.699000 0.275471
1.700000 0.275617
1.701000 0.275780
1.702000 0.275949
1.703000 0.276073
1.704000 0.276260
1.705000 0.276475
1.706000 0.276673
1.707000 0.276886
1.708000 0.277057
1.709000 0.277323
1.710000 0.277539
1.711000 0.277682
1.712000 0.277746
1.713000 0.277773
1.714000 0.277926
1.715000 0.278185
1.716000 0.278363
1.717000 0.278530
1.718000 0.278621
1.719000 0.278697
1.720000 0.278716
1.721000 0.278647
1.722000 0.278584
1.723000 0.278585
1.724000 0.278588
1.725000 0.278681
1.726000 0.278778
1.727000 0.278917
1.728000 0.278984
1.729000 0.279113
1.730000 0.279152
1.731000 0.279191
1.732000 0.279129
1.733000 0.279145
1.734000 0.279133
1.735000 0.279069
1.736000 0.279057
1.737000 0.279078
1.738000 0.279105
1.739000 0.279162
1.740000 0.279290
1.741000 0.279382
1.742000 0.279534
1.743000 0.279790
1.744000 0.279962
1.745000 0.280051
1.746000 0.280160
1.747000 0.280311
1.748000 0.280405
1.749000 0.280474
1.750000 0.280618
1.751000 0.280676
1.752000 0.280723
1.753000 0.280730
1.754000 0.280739
1.755000 0.280814
1.756000 0.280946
1.757000 0.281058
1.758000 0.281269
1.759000 0.281544
1.760000 0.281855
1.761000 0.282146
1.762000 0.282437
1.763000 0.282680
1.764000 0.282836
1.765000 0.282968
1.766000 0.283115
1.767000 0.283264
1.768000 0.283383
1.769000 0.283409
1.770000 0.283414
1.771000 0.283402
1.772000 0.283512
1.773000 0.283671
1.774000 0.283800
1.775000 0.283909
1.776000 0.284009
1.777000 0.284203
1.778000 0.284345
1.779000 0.284470
1.780000 0.284631
1.781000 0.284768
1.782000 0.285028
1.783000 0.285415
1.784000 0.285914
1.785000 0.286385
1.786000 0.286818
1.787000 0.287143
1.788000 0.287441
1.789000 0.287820
1.790000 0.288123
1.791000 0.288500
1.792000 0.288970
1.793000 0.289350
1.794000 0.289699
1.795000 0.290010
1.796000 0.290282
1.797000 0.290436
1.798000 0.290468
1.799000 0.290398
1.800000 0.290387
1.801000 0.290348
1.802000 0.290244
1.803000 0.290146
1.804000 0.290036
1.805000 0.289931
1.806000 0.289883
1.807000 0.289676
1.808000 0.289489
1.809000 0.289276
1.810000 0.288970
1.811000 0.288639
1.812000 0.288345
1.813000 0.288077
1.814000 0.287727
1.815000 0.287417
1.816000 0.287119
1.817000 0.286879
1.818000 0.286639
1.819000 0.286455
1.820000 0.286245
1.821000 0.286019
1.822000 0.285846
1.823000 0.285657
1.824000 0.285512
1.825000 0.285391
1.826000 0.285333
1.827000 0.285244
1.828000 0.285129
1.829000 0.285129
1.830000 0.285083
1.831000 0.284983
1.832000 0.284962
1.833000 0.284984
1.834000 0.284966
1.835000 0.284978
1.836000 0.285029
1.837000 0.285122
1.838000 0.285167
1.839000 0.285236
1.840000 0.285302
1.841000 0.285290
1.842000 0.285211
1.843000 0.285194
1.844000 0.285239
1.845000 0.285380
1.846000 0.285527
1.847000 0.285709
1.848000 0.285923
1.849000 0.286161
1.850000 0.286409
1.851000 0.286579
1.852000 0.286717
1.853000 0.286922
1.854000 0.287068
1.855000 0.287111
1.856000 0.287209
1.857000 0.287220
1.858000 0.287274
1.859000 0.287375
1.860000 0.287431
1.861000 0.287543
1.862000 0.287666
1.863000 0.287762
1.864000 0.287925
1.865000 0.288177
1.866000 0.288527
1.867000 0.288956
1.868000 0.289332
1.869000 0.289573
1.870000 0.289879
1.871000 0.290133
1.872000 0.290294
1.873000 0.290544
1.874000 0.290889
1.875000 0.291209
1.876000 0.291568
1.877000 0.291950
1.878000 0.292266
1.879000 0.292580
1.880000 0.292857
1.881000 0.293147
1.882000 0.293628
1.883000 0.294023
1.884000 0.294525
1.885000 0.294778
1.886000 0.295033
1.887000 0.295317
1.888000 0.295609
1.889000 0.295990
1.890000 0.296439
1.891000 0.296914
1.892000 0.297342
1.893000 0.297712
1.894000 0.297907
1.895000 0.298039
1.896000 0.298123
1.897000 0.298331
1.898000 0.298538
1.899000 0.298782
1.900000 0.299080
1.901000 0.299333
1.902000 0.299558
1.903000 0.299764
1.904000 0.299890
1.905000 0.299997
1.906000 0.300060
1.907000 0.300262
1.908000 0.300526
1.909000 0.300702
1.910000 0.300823
1.911000 0.300910
1.912000 0.300964
1.913000 0.301133
1.914000 0.301342
1.915000 0.301607
1.916000 0.301838
1.917000 0.302054
1.918000 0.302213
1.919000 0.302325
1.920000 0.302444
1.921000 0.302714
1.922000 0.303004
1.923000 0.303288
1.924000 0.303629
1.925000 0.303884
1.926000 0.304106
1.927000 0.304298
1.928000 0.304420
1.929000 0.304593
1.930000 0.304789
1.931000 0.305113
1.932000 0.305384
1.933000 0.305752
1.934000 0.306170
1.935000 0.306628
1.936000 0.307030
1.937000 0.307418
1.938000 0.307846
1.939000 0.308232
1.940000 0.308590
1.941000 0.308893
1.942000 0.309201
1.943000 0.309515
1.944000 0.309671
1.945000 0.309890
1.946000 0.309979
1.947000 0.310069
1.948000 0.310135
1.949000 0.310160
1.950000 0.310224
1.951000 0.310345
1.952000 0.310415
1.953000 0.310368
1.954000 0.310286
1.955000 0.310265
1.956000 0.310337
1.957000 0.310301
1.958000 0.310274
1.959000 0.310133
1.960000 0.309979
1.961000 0.309850
1.962000 0.309679
1.963000 0.309531
1.964000 0.309275
1.965000 0.309050
1.966000 0.308857
1.967000 0.308720
1.968000 0.308723
1.969000 0.308820
1.970000 0.308901
1.971000 0.308971
1.972000 0.309019
1.973000 0.309033
1.974000 0.309163
1.975000 0.309331
1.976000 0.309518
1.977000 0.309679
1.978000 0.309850
1.979000 0.309993
1.980000 0.310111
1.981000 0.310213
1.982000 0.310339
1.983000 0.310426
1.984000 0.310605
1.985000 0.310833
1.986000 0.311028
1.987000 0.311120
1.988000 0.311181
1.989000 0.311261
1.990000 0.311220
1.991000 0.311094
1.992000 0.310964
1.993000 0.310881
1.994000 0.310763
1.995000 0.310576
1.996000 0.310349
1.997000 0.310195
1.998000 0.310079
1.999000 0.310024
