256
800.000000
0.000000 0.000000
0.001000 0.000020
0.002000 0.000079
0.003000 0.000178
0.004000 0.000317
0.005000 0.000495
0.006000 0.000712
0.007000 0.000969
0.008000 0.001264
0.009000 0.001599
0.010000 0.001971
0.011000 0.002380
0.012000 0.002826
0.013000 0.003308
0.014000 0.003825
0.015000 0.004376
0.016000 0.004959
0.017000 0.005573
0.018000 0.006218
0.019000 0.006891
0.020000 0.007592
0.021000 0.008318
0.022000 0.009069
0.023000 0.009842
0.024000 0.010637
0.025000 0.011451
0.026000 0.012284
0.027000 0.013133
0.028000 0.013998
0.029000 0.014878
0.030000 0.015771
0.031000 0.016676
0.032000 0.017592
0.033000 0.018518
0.034000 0.019454
0.035000 0.020399
0.036000 0.021352
0.037000 0.022313
0.038000 0.023280
0.039000 0.024253
0.040000 0.025232
0.041000 0.026215
0.042000 0.027202
0.043000 0.028191
0.044000 0.029183
0.045000 0.030176
0.046000 0.031170
0.047000 0.032164
0.048000 0.033156
0.049000 0.034148
0.050000 0.035138
0.051000 0.036125
0.052000 0.037110
0.053000 0.038093
0.054000 0.039074
0.055000 0.040053
0.056000 0.041030
0.057000 0.042006
0.058000 0.042980
0.059000 0.043953
0.060000 0.044926
0.061000 0.045899
0.062000 0.046872
0.063000 0.047845
0.064000 0.048819
0.065000 0.049793
0.066000 0.050765
0.067000 0.051736
0.068000 0.052704
0.069000 0.053670
0.070000 0.054633
0.071000 0.055592
0.072000 0.056547
0.073000 0.057498
0.074000 0.058445
0.075000 0.059386
0.076000 0.060323
0.077000 0.061255
0.078000 0.062182
0.079000 0.063106
0.080000 0.064026
0.081000 0.064943
0.082000 0.065857
0.083000 0.066771
0.084000 0.067684
0.085000 0.068598
0.086000 0.069514
0.087000 0.070433
0.088000 0.071356
0.089000 0.072285
0.090000 0.073219
0.091000 0.074160
0.092000 0.075109
0.093000 0.076065
0.094000 0.077030
0.095000 0.078004
0.096000 0.078986
0.097000 0.079977
0.098000 0.080976
0.099000 0.081985
0.100000 0.083002
0.101000 0.084028
0.102000 0.085062
0.103000 0.086104
0.104000 0.087155
0.105000 0.088214
0.106000 0.089280
0.107000 0.090355
0.108000 0.091437
0.109000 0.092527
0.110000 0.093625
0.111000 0.094729
0.112000 0.095841
0.113000 0.096960
0.114000 0.098085
0.115000 0.099218
0.116000 0.100357
0.117000 0.101503
0.118000 0.102655
0.119000 0.103813
0.120000 0.104977
0.121000 0.106148
0.122000 0.107325
0.123000 0.108508
0.124000 0.109698
0.125000 0.110893
0.126000 0.112094
0.127000 0.113301
0.128000 0.114514
0.129000 0.115732
0.130000 0.116954
0.131000 0.118181
0.132000 0.119411
0.133000 0.120644
0.134000 0.121879
0.135000 0.123115
0.136000 0.124352
0.137000 0.125587
0.138000 0.126821
0.139000 0.128053
0.140000 0.129282
0.141000 0.130507
0.142000 0.131729
0.143000 0.132947
0.144000 0.134161
0.145000 0.135372
0.146000 0.136580
0.147000 0.137786
0.148000 0.138990
0.149000 0.140194
0.150000 0.141398
0.151000 0.142602
0.152000 0.143809
0.153000 0.145018
0.154000 0.146230
0.155000 0.147444
0.156000 0.148660
0.157000 0.149879
0.158000 0.151100
0.159000 0.152320
0.160000 0.153540
0.161000 0.154759
0.162000 0.155975
0.163000 0.157188
0.164000 0.158396
0.165000 0.159600
0.166000 0.160798
0.167000 0.161989
0.168000 0.163173
0.169000 0.164350
0.170000 0.165518
0.171000 0.166678
0.172000 0.167828
0.173000 0.168970
0.174000 0.170102
0.175000 0.171224
0.176000 0.172337
0.177000 0.173441
0.178000 0.174535
0.179000 0.175621
0.180000 0.176698
0.181000 0.177767
0.182000 0.178828
0.183000 0.179883
0.184000 0.180932
0.185000 0.181976
0.186000 0.183017
0.187000 0.184053
0.188000 0.185085
0.189000 0.186113
0.190000 0.187137
0.191000 0.188157
0.192000 0.189173
0.193000 0.190184
0.194000 0.191190
0.195000 0.192191
0.196000 0.193184
0.197000 0.194171
0.198000 0.195149
0.199000 0.196117
0.200000 0.197076
0.201000 0.198023
0.202000 0.198958
0.203000 0.199880
0.204000 0.200787
0.205000 0.201678
0.206000 0.202554
0.207000 0.203414
0.208000 0.204259
0.209000 0.205090
0.210000 0.205907
0.211000 0.206711
0.212000 0.207505
0.213000 0.208288
0.214000 0.209062
0.215000 0.209829
0.216000 0.210588
0.217000 0.211343
0.218000 0.212093
0.219000 0.212840
0.220000 0.213584
0.221000 0.214328
0.222000 0.215070
0.223000 0.215812
0.224000 0.216554
0.225000 0.217297
0.226000 0.218041
0.227000 0.218787
0.228000 0.219536
0.229000 0.220288
0.230000 0.221044
0.231000 0.221805
0.232000 0.222571
0.233000 0.223342
0.234000 0.224120
0.235000 0.224904
0.236000 0.225696
0.237000 0.226497
0.238000 0.227306
0.239000 0.228123
0.240000 0.228951
0.241000 0.229788
0.242000 0.230634
0.243000 0.231491
0.244000 0.232358
0.245000 0.233235
0.246000 0.234122
0.247000 0.235020
0.248000 0.235929
0.249000 0.236847
0.250000 0.237776
0.251000 0.238714
0.252000 0.239661
0.253000 0.240618
0.254000 0.241581
0.255000 0.242552
0.256000 0.243527
0.257000 0.244506
0.258000 0.245489
0.259000 0.246472
0.260000 0.247457
0.261000 0.248441
0.262000 0.249423
0.263000 0.250404
0.264000 0.251383
0.265000 0.252359
0.266000 0.253331
0.267000 0.254299
0.268000 0.255264
0.269000 0.256226
0.270000 0.257187
0.271000 0.258147
0.272000 0.259106
0.273000 0.260066
0.274000 0.261026
0.275000 0.261989
0.276000 0.262952
0.277000 0.263918
0.278000 0.264885
0.279000 0.265854
0.280000 0.266825
0.281000 0.267796
0.282000 0.268768
0.283000 0.269740
0.284000 0.270713
0.285000 0.271686
0.286000 0.272658
0.287000 0.273628
0.288000 0.274598
0.289000 0.275565
0.290000 0.276530
0.291000 0.277493
0.292000 0.278453
0.293000 0.279409
0.294000 0.280361
0.295000 0.281309
0.296000 0.282251
0.297000 0.283187
0.298000 0.284116
0.299000 0.285038
0.300000 0.285953
0.301000 0.286860
0.302000 0.287759
0.303000 0.288650
0.304000 0.289533
0.305000 0.290409
0.306000 0.291279
0.307000 0.292141
0.308000 0.292998
0.309000 0.293850
0.310000 0.294696
0.311000 0.295535
0.312000 0.296369
0.313000 0.297197
0.314000 0.298020
0.315000 0.298838
0.316000 0.299652
0.317000 0.300463
0.318000 0.301271
0.319000 0.302077
0.320000 0.302881
0.321000 0.303683
0.322000 0.304485
0.323000 0.305285
0.324000 0.306085
0.325000 0.306884
0.326000 0.307685
0.327000 0.308486
0.328000 0.309288
0.329000 0.310092
0.330000 0.310897
0.331000 0.311703
0.332000 0.312509
0.333000 0.313316
0.334000 0.314123
0.335000 0.314928
0.336000 0.315734
0.337000 0.316538
0.338000 0.317340
0.339000 0.318141
0.340000 0.318941
0.341000 0.319739
0.342000 0.320535
0.343000 0.321331
0.344000 0.322126
0.345000 0.322921
0.346000 0.323717
0.347000 0.324514
0.348000 0.325313
0.349000 0.326114
0.350000 0.326919
0.351000 0.327728
0.352000 0.328542
0.353000 0.329361
0.354000 0.330185
0.355000 0.331016
0.356000 0.331852
0.357000 0.332695
0.358000 0.333545
0.359000 0.334401
0.360000 0.335264
0.361000 0.336134
0.362000 0.337011
0.363000 0.337895
0.364000 0.338785
0.365000 0.339682
0.366000 0.340585
0.367000 0.341494
0.368000 0.342408
0.369000 0.343326
0.370000 0.344247
0.371000 0.345170
0.372000 0.346094
0.373000 0.347018
0.374000 0.347941
0.375000 0.348862
0.376000 0.349780
0.377000 0.350695
0.378000 0.351606
0.379000 0.352513
0.380000 0.353416
0.381000 0.354314
0.382000 0.355206
0.383000 0.356093
0.384000 0.356974
0.385000 0.357851
0.386000 0.358721
0.387000 0.359587
0.388000 0.360448
0.389000 0.361303
0.390000 0.362154
0.391000 0.363001
0.392000 0.363844
0.393000 0.364682
0.394000 0.365517
0.395000 0.366348
0.396000 0.367176
0.397000 0.368002
0.398000 0.368826
0.399000 0.369649
0.400000 0.370471
0.401000 0.371294
0.402000 0.372118
0.403000 0.372944
0.404000 0.373773
0.405000 0.374607
0.406000 0.375444
0.407000 0.376288
0.408000 0.377137
0.409000 0.377992
0.410000 0.378853
0.411000 0.379721
0.412000 0.380596
0.413000 0.381476
0.414000 0.382362
0.415000 0.383253
0.416000 0.384149
0.417000 0.385051
0.418000 0.385957
0.419000 0.386867
0.420000 0.387782
0.421000 0.388701
0.422000 0.389625
0.423000 0.390554
0.424000 0.391487
0.425000 0.392425
0.426000 0.393366
0.427000 0.394311
0.428000 0.395259
0.429000 0.396208
0.430000 0.397159
0.431000 0.398110
0.432000 0.399060
0.433000 0.400010
0.434000 0.400957
0.435000 0.401900
0.436000 0.402839
0.437000 0.403773
0.438000 0.404701
0.439000 0.405622
0.440000 0.406536
0.441000 0.407441
0.442000 0.408337
0.443000 0.409222
0.444000 0.410096
0.445000 0.410958
0.446000 0.411807
0.447000 0.412643
0.448000 0.413464
0.449000 0.414269
0.450000 0.415058
0.451000 0.415831
0.452000 0.416587
0.453000 0.417327
0.454000 0.418051
0.455000 0.418759
0.456000 0.419452
0.457000 0.420132
0.458000 0.420797
0.459000 0.421450
0.460000 0.422091
0.461000 0.422720
0.462000 0.423339
0.463000 0.423948
0.464000 0.424548
0.465000 0.425139
0.466000 0.425722
0.467000 0.426299
0.468000 0.426868
0.469000 0.427429
0.470000 0.427984
0.471000 0.428534
0.472000 0.429079
0.473000 0.429621
0.474000 0.430158
0.475000 0.430693
0.476000 0.431225
0.477000 0.431755
0.478000 0.432283
0.479000 0.432810
0.480000 0.433336
0.481000 0.433862
0.482000 0.434387
0.483000 0.434912
0.484000 0.435438
0.485000 0.435964
0.486000 0.436491
0.487000 0.437019
0.488000 0.437548
0.489000 0.438078
0.490000 0.438609
0.491000 0.439141
0.492000 0.439675
0.493000 0.440211
0.494000 0.440749
0.495000 0.441289
0.496000 0.441831
0.497000 0.442373
0.498000 0.442918
0.499000 0.443462
0.500000 0.444007
0.501000 0.444552
0.502000 0.445098
0.503000 0.445643
0.504000 0.446184
0.505000 0.446722
0.506000 0.447255
0.507000 0.447783
0.508000 0.448307
0.509000 0.448826
0.510000 0.449342
0.511000 0.449856
0.512000 0.450368
0.513000 0.450879
0.514000 0.451391
0.515000 0.451905
0.516000 0.452422
0.517000 0.452942
0.518000 0.453469
0.519000 0.454002
0.520000 0.454542
0.521000 0.455090
0.522000 0.455648
0.523000 0.456213
0.524000 0.456788
0.525000 0.457372
0.526000 0.457965
0.527000 0.458566
0.528000 0.459176
0.529000 0.459795
0.530000 0.460421
0.531000 0.461055
0.532000 0.461697
0.533000 0.462345
0.534000 0.463001
0.535000 0.463665
0.536000 0.464333
0.537000 0.465006
0.538000 0.465684
0.539000 0.466368
0.540000 0.467058
0.541000 0.467753
0.542000 0.468455
0.543000 0.469164
0.544000 0.469880
0.545000 0.470604
0.546000 0.471338
0.547000 0.472081
0.548000 0.472834
0.549000 0.473598
0.550000 0.474372
0.551000 0.475157
0.552000 0.475953
0.553000 0.476760
0.554000 0.477577
0.555000 0.478406
0.556000 0.479244
0.557000 0.480093
0.558000 0.480950
0.559000 0.481817
0.560000 0.482691
0.561000 0.483574
0.562000 0.484464
0.563000 0.485362
0.564000 0.486266
0.565000 0.487176
0.566000 0.488091
0.567000 0.489013
0.568000 0.489940
0.569000 0.490871
0.570000 0.491807
0.571000 0.492748
0.572000 0.493693
0.573000 0.494643
0.574000 0.495596
0.575000 0.496553
0.576000 0.497512
0.577000 0.498471
0.578000 0.499431
0.579000 0.500392
0.580000 0.501351
0.581000 0.502309
0.582000 0.503264
0.583000 0.504215
0.584000 0.505160
0.585000 0.506098
0.586000 0.507029
0.587000 0.507951
0.588000 0.508862
0.589000 0.509763
0.590000 0.510652
0.591000 0.511528
0.592000 0.512391
0.593000 0.513240
0.594000 0.514076
0.595000 0.514897
0.596000 0.515705
0.597000 0.516500
0.598000 0.517280
0.599000 0.518049
0.600000 0.518805
0.601000 0.519549
0.602000 0.520281
0.603000 0.521003
0.604000 0.521714
0.605000 0.522414
0.606000 0.523105
0.607000 0.523786
0.608000 0.524458
0.609000 0.525121
0.610000 0.525775
0.611000 0.526423
0.612000 0.527063
0.613000 0.527696
0.614000 0.528323
0.615000 0.528943
0.616000 0.529558
0.617000 0.530168
0.618000 0.530774
0.619000 0.531376
0.620000 0.531975
0.621000 0.532573
0.622000 0.533169
0.623000 0.533766
0.624000 0.534363
0.625000 0.534963
0.626000 0.535565
0.627000 0.536171
0.628000 0.536782
0.629000 0.537397
0.630000 0.538020
0.631000 0.538650
0.632000 0.539285
0.633000 0.539926
0.634000 0.540574
0.635000 0.541231
0.636000 0.541897
0.637000 0.542573
0.638000 0.543260
0.639000 0.543959
0.640000 0.544669
0.641000 0.545392
0.642000 0.546127
0.643000 0.546874
0.644000 0.547633
0.645000 0.548402
0.646000 0.549180
0.647000 0.549967
0.648000 0.550762
0.649000 0.551565
0.650000 0.552377
0.651000 0.553197
0.652000 0.554025
0.653000 0.554864
0.654000 0.555714
0.655000 0.556576
0.656000 0.557451
0.657000 0.558339
0.658000 0.559241
0.659000 0.560158
0.660000 0.561090
0.661000 0.562036
0.662000 0.562995
0.663000 0.563969
0.664000 0.564956
0.665000 0.565955
0.666000 0.566965
0.667000 0.567986
0.668000 0.569016
0.669000 0.570055
0.670000 0.571101
0.671000 0.572153
0.672000 0.573211
0.673000 0.574275
0.674000 0.575342
0.675000 0.576415
0.676000 0.577491
0.677000 0.578570
0.678000 0.579651
0.679000 0.580732
0.680000 0.581814
0.681000 0.582895
0.682000 0.583976
0.683000 0.585053
0.684000 0.586128
0.685000 0.587198
0.686000 0.588264
0.687000 0.589323
0.688000 0.590376
0.689000 0.591420
0.690000 0.592457
0.691000 0.593484
0.692000 0.594501
0.693000 0.595507
0.694000 0.596501
0.695000 0.597484
0.696000 0.598454
0.697000 0.599411
0.698000 0.600355
0.699000 0.601287
0.700000 0.602205
0.701000 0.603112
0.702000 0.604006
0.703000 0.604890
0.704000 0.605765
0.705000 0.606631
0.706000 0.607489
0.707000 0.608341
0.708000 0.609189
0.709000 0.610032
0.710000 0.610875
0.711000 0.611716
0.712000 0.612558
0.713000 0.613401
0.714000 0.614245
0.715000 0.615090
0.716000 0.615936
0.717000 0.616783
0.718000 0.617631
0.719000 0.618480
0.720000 0.619329
0.721000 0.620179
0.722000 0.621029
0.723000 0.621879
0.724000 0.622729
0.725000 0.623578
0.726000 0.624425
0.727000 0.625271
0.728000 0.626117
0.729000 0.626961
0.730000 0.627806
0.731000 0.628652
0.732000 0.629499
0.733000 0.630350
0.734000 0.631203
0.735000 0.632060
0.736000 0.632921
0.737000 0.633785
0.738000 0.634653
0.739000 0.635525
0.740000 0.636399
0.741000 0.637275
0.742000 0.638153
0.743000 0.639030
0.744000 0.639909
0.745000 0.640787
0.746000 0.641663
0.747000 0.642537
0.748000 0.643407
0.749000 0.644273
0.750000 0.645133
0.751000 0.645988
0.752000 0.646837
0.753000 0.647680
0.754000 0.648515
0.755000 0.649344
0.756000 0.650165
0.757000 0.650979
0.758000 0.651786
0.759000 0.652586
0.760000 0.653378
0.761000 0.654162
0.762000 0.654938
0.763000 0.655704
0.764000 0.656461
0.765000 0.657209
0.766000 0.657946
0.767000 0.658673
0.768000 0.659390
0.769000 0.660098
0.770000 0.660795
0.771000 0.661481
0.772000 0.662157
0.773000 0.662822
0.774000 0.663476
0.775000 0.664119
0.776000 0.664752
0.777000 0.665376
0.778000 0.665990
0.779000 0.666596
0.780000 0.667193
0.781000 0.667781
0.782000 0.668363
0.783000 0.668939
0.784000 0.669511
0.785000 0.670080
0.786000 0.670647
0.787000 0.671212
0.788000 0.671777
0.789000 0.672341
0.790000 0.672905
0.791000 0.673471
0.792000 0.674039
0.793000 0.674610
0.794000 0.675184
0.795000 0.675762
0.796000 0.676343
0.797000 0.676928
0.798000 0.677516
0.799000 0.678106
0.800000 0.678697
0.801000 0.679289
0.802000 0.679878
0.803000 0.680465
0.804000 0.681047
0.805000 0.681622
0.806000 0.682189
0.807000 0.682746
0.808000 0.683294
0.809000 0.683831
0.810000 0.684357
0.811000 0.684871
0.812000 0.685373
0.813000 0.685863
0.814000 0.686342
0.815000 0.686810
0.816000 0.687266
0.817000 0.687713
0.818000 0.688151
0.819000 0.688580
0.820000 0.689003
0.821000 0.689420
0.822000 0.689832
0.823000 0.690240
0.824000 0.690646
0.825000 0.691051
0.826000 0.691454
0.827000 0.691857
0.828000 0.692262
0.829000 0.692667
0.830000 0.693075
0.831000 0.693487
0.832000 0.693902
0.833000 0.694323
0.834000 0.694749
0.835000 0.695179
0.836000 0.695615
0.837000 0.696058
0.838000 0.696508
0.839000 0.696967
0.840000 0.697435
0.841000 0.697913
0.842000 0.698401
0.843000 0.698899
0.844000 0.699408
0.845000 0.699929
0.846000 0.700460
0.847000 0.701003
0.848000 0.701559
0.849000 0.702127
0.850000 0.702707
0.851000 0.703299
0.852000 0.703904
0.853000 0.704522
0.854000 0.705151
0.855000 0.705791
0.856000 0.706441
0.857000 0.707102
0.858000 0.707772
0.859000 0.708450
0.860000 0.709136
0.861000 0.709829
0.862000 0.710526
0.863000 0.711227
0.864000 0.711929
0.865000 0.712630
0.866000 0.713327
0.867000 0.714020
0.868000 0.714707
0.869000 0.715384
0.870000 0.716050
0.871000 0.716703
0.872000 0.717343
0.873000 0.717966
0.874000 0.718573
0.875000 0.719161
0.876000 0.719731
0.877000 0.720283
0.878000 0.720816
0.879000 0.721330
0.880000 0.721825
0.881000 0.722301
0.882000 0.722758
0.883000 0.723197
0.884000 0.723618
0.885000 0.724022
0.886000 0.724411
0.887000 0.724784
0.888000 0.725142
0.889000 0.725488
0.890000 0.725822
0.891000 0.726144
0.892000 0.726457
0.893000 0.726761
0.894000 0.727058
0.895000 0.727350
0.896000 0.727636
0.897000 0.727919
0.898000 0.728199
0.899000 0.728478
0.900000 0.728756
0.901000 0.729033
0.902000 0.729311
0.903000 0.729591
0.904000 0.729873
0.905000 0.730159
0.906000 0.730449
0.907000 0.730744
0.908000 0.731045
0.909000 0.731353
0.910000 0.731671
0.911000 0.731999
0.912000 0.732339
0.913000 0.732692
0.914000 0.733061
0.915000 0.733445
0.916000 0.733846
0.917000 0.734266
0.918000 0.734703
0.919000 0.735159
0.920000 0.735633
0.921000 0.736127
0.922000 0.736640
0.923000 0.737171
0.924000 0.737722
0.925000 0.738290
0.926000 0.738876
0.927000 0.739479
0.928000 0.740099
0.929000 0.740734
0.930000 0.741385
0.931000 0.742051
0.932000 0.742729
0.933000 0.743420
0.934000 0.744122
0.935000 0.744835
0.936000 0.745557
0.937000 0.746288
0.938000 0.747027
0.939000 0.747772
0.940000 0.748523
0.941000 0.749276
0.942000 0.750032
0.943000 0.750788
0.944000 0.751542
0.945000 0.752292
0.946000 0.753037
0.947000 0.753773
0.948000 0.754500
0.949000 0.755214
0.950000 0.755915
0.951000 0.756601
0.952000 0.757272
0.953000 0.757926
0.954000 0.758565
0.955000 0.759190
0.956000 0.759802
0.957000 0.760403
0.958000 0.760994
0.959000 0.761578
0.960000 0.762157
0.961000 0.762734
0.962000 0.763309
0.963000 0.763886
0.964000 0.764466
0.965000 0.765050
0.966000 0.765640
0.967000 0.766235
0.968000 0.766837
0.969000 0.767445
0.970000 0.768059
0.971000 0.768679
0.972000 0.769305
0.973000 0.769935
0.974000 0.770569
0.975000 0.771205
0.976000 0.771844
0.977000 0.772486
0.978000 0.773132
0.979000 0.773780
0.980000 0.774433
0.981000 0.775090
0.982000 0.775751
0.983000 0.776417
0.984000 0.777087
0.985000 0.777763
0.986000 0.778445
0.987000 0.779133
0.988000 0.779827
0.989000 0.780528
0.990000 0.781237
0.991000 0.781952
0.992000 0.782675
0.993000 0.783405
0.994000 0.784143
0.995000 0.784891
0.996000 0.785649
0.997000 0.786415
0.998000 0.787192
0.999000 0.787977
1.000000 0.788772
1.001000 0.789576
1.002000 0.790388
1.003000 0.791207
1.004000 0.792034
1.005000 0.792866
1.006000 0.793704
1.007000 0.794547
1.008000 0.795394
1.009000 0.796246
1.010000 0.797101
1.011000 0.797960
1.012000 0.798822
1.013000 0.799688
1.014000 0.800559
1.015000 0.801434
1.016000 0.802316
1.017000 0.803206
1.018000 0.804103
1.019000 0.805012
1.020000 0.805935
1.021000 0.806871
1.022000 0.807823
1.023000 0.808791
1.024000 0.809775
1.025000 0.810775
1.026000 0.811794
1.027000 0.812830
1.028000 0.813882
1.029000 0.814949
1.030000 0.816031
1.031000 0.817127
1.032000 0.818238
1.033000 0.819362
1.034000 0.820498
1.035000 0.821644
1.036000 0.822801
1.037000 0.823965
1.038000 0.825136
1.039000 0.826313
1.040000 0.827494
1.041000 0.828681
1.042000 0.829872
1.043000 0.831066
1.044000 0.832264
1.045000 0.833464
1.046000 0.834666
1.047000 0.835870
1.048000 0.837075
1.049000 0.838282
1.050000 0.839491
1.051000 0.840702
1.052000 0.841914
1.053000 0.843128
1.054000 0.844343
1.055000 0.845558
1.056000 0.846773
1.057000 0.847986
1.058000 0.849195
1.059000 0.850399
1.060000 0.851595
1.061000 0.852783
1.062000 0.853961
1.063000 0.855128
1.064000 0.856283
1.065000 0.857424
1.066000 0.858550
1.067000 0.859660
1.068000 0.860753
1.069000 0.861828
1.070000 0.862882
1.071000 0.863915
1.072000 0.864927
1.073000 0.865916
1.074000 0.866882
1.075000 0.867826
1.076000 0.868747
1.077000 0.869647
1.078000 0.870528
1.079000 0.871389
1.080000 0.872231
1.081000 0.873056
1.082000 0.873864
1.083000 0.874658
1.084000 0.875439
1.085000 0.876209
1.086000 0.876970
1.087000 0.877724
1.088000 0.878473
1.089000 0.879217
1.090000 0.879960
1.091000 0.880701
1.092000 0.881442
1.093000 0.882185
1.094000 0.882929
1.095000 0.883674
1.096000 0.884422
1.097000 0.885170
1.098000 0.885920
1.099000 0.886669
1.100000 0.887418
1.101000 0.888164
1.102000 0.888908
1.103000 0.889648
1.104000 0.890381
1.105000 0.891107
1.106000 0.891826
1.107000 0.892534
1.108000 0.893233
1.109000 0.893921
1.110000 0.894595
1.111000 0.895257
1.112000 0.895904
1.113000 0.896537
1.114000 0.897153
1.115000 0.897751
1.116000 0.898331
1.117000 0.898890
1.118000 0.899429
1.119000 0.899945
1.120000 0.900441
1.121000 0.900913
1.122000 0.901363
1.123000 0.901788
1.124000 0.902188
1.125000 0.902561
1.126000 0.902908
1.127000 0.903229
1.128000 0.903526
1.129000 0.903800
1.130000 0.904051
1.131000 0.904281
1.132000 0.904490
1.133000 0.904679
1.134000 0.904849
1.135000 0.905000
1.136000 0.905133
1.137000 0.905249
1.138000 0.905349
1.139000 0.905437
1.140000 0.905513
1.141000 0.905579
1.142000 0.905638
1.143000 0.905691
1.144000 0.905742
1.145000 0.905792
1.146000 0.905843
1.147000 0.905899
1.148000 0.905962
1.149000 0.906036
1.150000 0.906124
1.151000 0.906228
1.152000 0.906350
1.153000 0.906491
1.154000 0.906652
1.155000 0.906836
1.156000 0.907044
1.157000 0.907274
1.158000 0.907528
1.159000 0.907808
1.160000 0.908114
1.161000 0.908445
1.162000 0.908802
1.163000 0.909184
1.164000 0.909592
1.165000 0.910027
1.166000 0.910490
1.167000 0.910979
1.168000 0.911496
1.169000 0.912039
1.170000 0.912609
1.171000 0.913205
1.172000 0.913826
1.173000 0.914471
1.174000 0.915138
1.175000 0.915827
1.176000 0.916537
1.177000 0.917265
1.178000 0.918010
1.179000 0.918771
1.180000 0.919547
1.181000 0.920335
1.182000 0.921135
1.183000 0.921945
1.184000 0.922763
1.185000 0.923585
1.186000 0.924410
1.187000 0.925239
1.188000 0.926070
1.189000 0.926903
1.190000 0.927735
1.191000 0.928566
1.192000 0.929396
1.193000 0.930223
1.194000 0.931046
1.195000 0.931863
1.196000 0.932675
1.197000 0.933479
1.198000 0.934273
1.199000 0.935056
1.200000 0.935826
1.201000 0.936582
1.202000 0.937320
1.203000 0.938037
1.204000 0.938732
1.205000 0.939402
1.206000 0.940046
1.207000 0.940663
1.208000 0.941250
1.209000 0.941808
1.210000 0.942336
1.211000 0.942833
1.212000 0.943301
1.213000 0.943741
1.214000 0.944154
1.215000 0.944541
1.216000 0.944904
1.217000 0.945244
1.218000 0.945564
1.219000 0.945867
1.220000 0.946154
1.221000 0.946429
1.222000 0.946695
1.223000 0.946955
1.224000 0.947211
1.225000 0.947465
1.226000 0.947719
1.227000 0.947976
1.228000 0.948238
1.229000 0.948506
1.230000 0.948782
1.231000 0.949067
1.232000 0.949361
1.233000 0.949666
1.234000 0.949981
1.235000 0.950308
1.236000 0.950648
1.237000 0.951002
1.238000 0.951373
1.239000 0.951760
1.240000 0.952168
1.241000 0.952597
1.242000 0.953047
1.243000 0.953520
1.244000 0.954016
1.245000 0.954536
1.246000 0.955078
1.247000 0.955644
1.248000 0.956232
1.249000 0.956844
1.250000 0.957481
1.251000 0.958143
1.252000 0.958830
1.253000 0.959540
1.254000 0.960275
1.255000 0.961033
1.256000 0.961815
1.257000 0.962617
1.258000 0.963440
1.259000 0.964284
1.260000 0.965147
1.261000 0.966029
1.262000 0.966929
1.263000 0.967848
1.264000 0.968784
1.265000 0.969737
1.266000 0.970707
1.267000 0.971693
1.268000 0.972695
1.269000 0.973712
1.270000 0.974746
1.271000 0.975797
1.272000 0.976866
1.273000 0.977952
1.274000 0.979053
1.275000 0.980171
1.276000 0.981303
1.277000 0.982449
1.278000 0.983608
1.279000 0.984778
1.280000 0.985956
1.281000 0.987143
1.282000 0.988335
1.283000 0.989530
1.284000 0.990728
1.285000 0.991927
1.286000 0.993124
1.287000 0.994317
1.288000 0.995506
1.289000 0.996687
1.290000 0.997861
1.291000 0.999026
1.292000 1.000183
1.293000 1.001331
1.294000 1.002471
1.295000 1.003603
1.296000 1.004726
1.297000 1.005841
1.298000 1.006948
1.299000 1.008048
1.300000 1.009140
1.301000 1.010223
1.302000 1.011298
1.303000 1.012364
1.304000 1.013420
1.305000 1.014465
1.306000 1.015497
1.307000 1.016514
1.308000 1.017516
1.309000 1.018500
1.310000 1.019464
1.311000 1.020406
1.312000 1.021326
1.313000 1.022224
1.314000 1.023097
1.315000 1.023945
1.316000 1.024766
1.317000 1.025560
1.318000 1.026323
1.319000 1.027055
1.320000 1.027753
1.321000 1.028416
1.322000 1.029043
1.323000 1.029634
1.324000 1.030187
1.325000 1.030704
1.326000 1.031185
1.327000 1.031633
1.328000 1.032050
1.329000 1.032437
1.330000 1.032797
1.331000 1.033132
1.332000 1.033447
1.333000 1.033742
1.334000 1.034021
1.335000 1.034287
1.336000 1.034542
1.337000 1.034789
1.338000 1.035029
1.339000 1.035265
1.340000 1.035499
1.341000 1.035731
1.342000 1.035965
1.343000 1.036202
1.344000 1.036439
1.345000 1.036679
1.346000 1.036924
1.347000 1.037174
1.348000 1.037431
1.349000 1.037699
1.350000 1.037979
1.351000 1.038270
1.352000 1.038573
1.353000 1.038888
1.354000 1.039220
1.355000 1.039568
1.356000 1.039935
1.357000 1.040320
1.358000 1.040724
1.359000 1.041146
1.360000 1.041585
1.361000 1.042041
1.362000 1.042514
1.363000 1.043005
1.364000 1.043512
1.365000 1.044036
1.366000 1.044571
1.367000 1.045118
1.368000 1.045676
1.369000 1.046242
1.370000 1.046818
1.371000 1.047401
1.372000 1.047991
1.373000 1.048587
1.374000 1.049190
1.375000 1.049800
1.376000 1.050415
1.377000 1.051035
1.378000 1.051661
1.379000 1.052292
1.380000 1.052928
1.381000 1.053570
1.382000 1.054217
1.383000 1.054870
1.384000 1.055529
1.385000 1.056195
1.386000 1.056867
1.387000 1.057545
1.388000 1.058227
1.389000 1.058914
1.390000 1.059605
1.391000 1.060298
1.392000 1.060994
1.393000 1.061691
1.394000 1.062385
1.395000 1.063079
1.396000 1.063770
1.397000 1.064460
1.398000 1.065147
1.399000 1.065831
1.400000 1.066512
1.401000 1.067191
1.402000 1.067867
1.403000 1.068540
1.404000 1.069210
1.405000 1.069877
1.406000 1.070542
1.407000 1.071203
1.408000 1.071863
1.409000 1.072521
1.410000 1.073178
1.411000 1.073836
1.412000 1.074495
1.413000 1.075156
1.414000 1.075820
1.415000 1.076487
1.416000 1.077160
1.417000 1.077840
1.418000 1.078530
1.419000 1.079230
1.420000 1.079941
1.421000 1.080664
1.422000 1.081400
1.423000 1.082150
1.424000 1.082912
1.425000 1.083685
1.426000 1.084471
1.427000 1.085270
1.428000 1.086085
1.429000 1.086916
1.430000 1.087766
1.431000 1.088636
1.432000 1.089531
1.433000 1.090451
1.434000 1.091397
1.435000 1.092371
1.436000 1.093372
1.437000 1.094400
1.438000 1.095454
1.439000 1.096533
1.440000 1.097634
1.441000 1.098757
1.442000 1.099900
1.443000 1.101062
1.444000 1.102241
1.445000 1.103435
1.446000 1.104641
1.447000 1.105858
1.448000 1.107085
1.449000 1.108320
1.450000 1.109560
1.451000 1.110805
1.452000 1.112054
1.453000 1.113304
1.454000 1.114556
1.455000 1.115809
1.456000 1.117062
1.457000 1.118315
1.458000 1.119568
1.459000 1.120819
1.460000 1.122070
1.461000 1.123321
1.462000 1.124570
1.463000 1.125820
1.464000 1.127070
1.465000 1.128321
1.466000 1.129573
1.467000 1.130826
1.468000 1.132082
1.469000 1.133341
1.470000 1.134604
1.471000 1.135871
1.472000 1.137141
1.473000 1.138412
1.474000 1.139686
1.475000 1.140964
1.476000 1.142246
1.477000 1.143531
1.478000 1.144819
1.479000 1.146109
1.480000 1.147404
1.481000 1.148702
1.482000 1.150003
1.483000 1.151305
1.484000 1.152606
1.485000 1.153905
1.486000 1.155202
1.487000 1.156495
1.488000 1.157782
1.489000 1.159063
1.490000 1.160336
1.491000 1.161601
1.492000 1.162856
1.493000 1.164099
1.494000 1.165329
1.495000 1.166543
1.496000 1.167740
1.497000 1.168918
1.498000 1.170078
1.499000 1.171220
1.500000 1.172341
1.501000 1.173441
1.502000 1.174520
1.503000 1.175576
1.504000 1.176608
1.505000 1.177616
1.506000 1.178600
1.507000 1.179560
1.508000 1.180496
1.509000 1.181409
1.510000 1.182297
1.511000 1.183161
1.512000 1.184001
1.513000 1.184818
1.514000 1.185613
1.515000 1.186385
1.516000 1.187139
1.517000 1.187875
1.518000 1.188595
1.519000 1.189300
1.520000 1.189990
1.521000 1.190668
1.522000 1.191331
1.523000 1.191982
1.524000 1.192623
1.525000 1.193255
1.526000 1.193883
1.527000 1.194507
1.528000 1.195131
1.529000 1.195755
1.530000 1.196383
1.531000 1.197016
1.532000 1.197655
1.533000 1.198301
1.534000 1.198955
1.535000 1.199617
1.536000 1.200288
1.537000 1.200967
1.538000 1.201653
1.539000 1.202346
1.540000 1.203045
1.541000 1.203742
1.542000 1.204429
1.543000 1.205107
1.544000 1.205774
1.545000 1.206431
1.546000 1.207079
1.547000 1.207719
1.548000 1.208353
1.549000 1.208982
1.550000 1.209607
1.551000 1.210230
1.552000 1.210853
1.553000 1.211478
1.554000 1.212107
1.555000 1.212742
1.556000 1.213385
1.557000 1.214038
1.558000 1.214701
1.559000 1.215378
1.560000 1.216069
1.561000 1.216775
1.562000 1.217498
1.563000 1.218238
1.564000 1.218995
1.565000 1.219769
1.566000 1.220560
1.567000 1.221367
1.568000 1.222189
1.569000 1.223025
1.570000 1.223876
1.571000 1.224740
1.572000 1.225615
1.573000 1.226500
1.574000 1.227395
1.575000 1.228297
1.576000 1.229206
1.577000 1.230119
1.578000 1.231037
1.579000 1.231957
1.580000 1.232880
1.581000 1.233805
1.582000 1.234730
1.583000 1.235656
1.584000 1.236581
1.585000 1.237507
1.586000 1.238434
1.587000 1.239360
1.588000 1.240285
1.589000 1.241209
1.590000 1.242130
1.591000 1.243051
1.592000 1.243970
1.593000 1.244887
1.594000 1.245799
1.595000 1.246708
1.596000 1.247611
1.597000 1.248508
1.598000 1.249399
1.599000 1.250282
1.600000 1.251158
1.601000 1.252026
1.602000 1.252886
1.603000 1.253738
1.604000 1.254584
1.605000 1.255424
1.606000 1.256261
1.607000 1.257096
1.608000 1.257930
1.609000 1.258766
1.610000 1.259606
1.611000 1.260453
1.612000 1.261308
1.613000 1.262173
1.614000 1.263052
1.615000 1.263944
1.616000 1.264854
1.617000 1.265779
1.618000 1.266722
1.619000 1.267682
1.620000 1.268662
1.621000 1.269662
1.622000 1.270683
1.623000 1.271725
1.624000 1.272789
1.625000 1.273877
1.626000 1.274989
1.627000 1.276126
1.628000 1.277290
1.629000 1.278479
1.630000 1.279693
1.631000 1.280933
1.632000 1.282198
1.633000 1.283485
1.634000 1.284793
1.635000 1.286120
1.636000 1.287465
1.637000 1.288826
1.638000 1.290205
1.639000 1.291598
1.640000 1.293004
1.641000 1.294420
1.642000 1.295844
1.643000 1.297275
1.644000 1.298711
1.645000 1.300150
1.646000 1.301589
1.647000 1.303027
1.648000 1.304460
1.649000 1.305887
1.650000 1.307305
1.651000 1.308713
1.652000 1.310106
1.653000 1.311484
1.654000 1.312846
1.655000 1.314192
1.656000 1.315521
1.657000 1.316828
1.658000 1.318110
1.659000 1.319366
1.660000 1.320593
1.661000 1.321792
1.662000 1.322960
1.663000 1.324097
1.664000 1.325200
1.665000 1.326266
1.666000 1.327296
1.667000 1.328287
1.668000 1.329240
1.669000 1.330153
1.670000 1.331025
1.671000 1.331857
1.672000 1.332645
1.673000 1.333390
1.674000 1.334090
1.675000 1.334743
1.676000 1.335348
1.677000 1.335905
1.678000 1.336411
1.679000 1.336867
1.680000 1.337273
1.681000 1.337628
1.682000 1.337933
1.683000 1.338189
1.684000 1.338396
1.685000 1.338557
1.686000 1.338673
1.687000 1.338745
1.688000 1.338775
1.689000 1.338766
1.690000 1.338720
1.691000 1.338638
1.692000 1.338526
1.693000 1.338385
1.694000 1.338220
1.695000 1.338034
1.696000 1.337830
1.697000 1.337613
1.698000 1.337386
1.699000 1.337153
1.700000 1.336918
1.701000 1.336685
1.702000 1.336456
1.703000 1.336234
1.704000 1.336021
1.705000 1.335821
1.706000 1.335637
1.707000 1.335471
1.708000 1.335325
1.709000 1.335202
1.710000 1.335105
1.711000 1.335035
1.712000 1.334994
1.713000 1.334983
1.714000 1.335003
1.715000 1.335052
1.716000 1.335132
1.717000 1.335242
1.718000 1.335381
1.719000 1.335550
1.720000 1.335745
1.721000 1.335968
1.722000 1.336217
1.723000 1.336491
1.724000 1.336788
1.725000 1.337108
1.726000 1.337447
1.727000 1.337804
1.728000 1.338177
1.729000 1.338565
1.730000 1.338963
1.731000 1.339371
1.732000 1.339786
1.733000 1.340204
1.734000 1.340623
1.735000 1.341041
1.736000 1.341455
1.737000 1.341863
1.738000 1.342263
1.739000 1.342654
1.740000 1.343035
1.741000 1.343405
1.742000 1.343762
1.743000 1.344107
1.744000 1.344439
1.745000 1.344758
1.746000 1.345065
1.747000 1.345359
1.748000 1.345644
1.749000 1.345923
1.750000 1.346195
1.751000 1.346463
1.752000 1.346726
1.753000 1.346986
1.754000 1.347244
1.755000 1.347501
1.756000 1.347761
1.757000 1.348021
1.758000 1.348285
1.759000 1.348555
1.760000 1.348833
1.761000 1.349123
1.762000 1.349427
1.763000 1.349747
1.764000 1.350085
1.765000 1.350442
1.766000 1.350817
1.767000 1.351208
1.768000 1.351615
1.769000 1.352037
1.770000 1.352473
1.771000 1.352924
1.772000 1.353386
1.773000 1.353859
1.774000 1.354341
1.775000 1.354830
1.776000 1.355327
1.777000 1.355828
1.778000 1.356335
1.779000 1.356846
1.780000 1.357359
1.781000 1.357874
1.782000 1.358388
1.783000 1.358902
1.784000 1.359415
1.785000 1.359926
1.786000 1.360436
1.787000 1.360946
1.788000 1.361455
1.789000 1.361964
1.790000 1.362473
1.791000 1.362982
1.792000 1.363491
1.793000 1.364001
1.794000 1.364513
1.795000 1.365026
1.796000 1.365543
1.797000 1.366063
1.798000 1.366589
1.799000 1.367120
1.800000 1.367658
1.801000 1.368203
1.802000 1.368756
1.803000 1.369317
1.804000 1.369886
1.805000 1.370463
1.806000 1.371050
1.807000 1.371646
1.808000 1.372252
1.809000 1.372868
1.810000 1.373495
1.811000 1.374133
1.812000 1.374781
1.813000 1.375440
1.814000 1.376110
1.815000 1.376789
1.816000 1.377477
1.817000 1.378173
1.818000 1.378875
1.819000 1.379583
1.820000 1.380295
1.821000 1.381011
1.822000 1.381727
1.823000 1.382443
1.824000 1.383157
1.825000 1.383864
1.826000 1.384565
1.827000 1.385258
1.828000 1.385940
1.829000 1.386611
1.830000 1.387268
1.831000 1.387910
1.832000 1.388535
1.833000 1.389144
1.834000 1.389735
1.835000 1.390308
1.836000 1.390863
1.837000 1.391400
1.838000 1.391921
1.839000 1.392424
1.840000 1.392910
1.841000 1.393379
1.842000 1.393829
1.843000 1.394262
1.844000 1.394676
1.845000 1.395074
1.846000 1.395456
1.847000 1.395822
1.848000 1.396173
1.849000 1.396510
1.850000 1.396835
1.851000 1.397147
1.852000 1.397449
1.853000 1.397742
1.854000 1.398027
1.855000 1.398305
1.856000 1.398578
1.857000 1.398849
1.858000 1.399118
1.859000 1.399387
1.860000 1.399658
1.861000 1.399933
1.862000 1.400213
1.863000 1.400499
1.864000 1.400794
1.865000 1.401096
1.866000 1.401407
1.867000 1.401726
1.868000 1.402053
1.869000 1.402390
1.870000 1.402736
1.871000 1.403091
1.872000 1.403457
1.873000 1.403833
1.874000 1.404219
1.875000 1.404618
1.876000 1.405028
1.877000 1.405451
1.878000 1.405888
1.879000 1.406340
1.880000 1.406808
1.881000 1.407293
1.882000 1.407799
1.883000 1.408325
1.884000 1.408874
1.885000 1.409447
1.886000 1.410046
1.887000 1.410672
1.888000 1.411327
1.889000 1.412010
1.890000 1.412724
1.891000 1.413468
1.892000 1.414243
1.893000 1.415049
1.894000 1.415886
1.895000 1.416754
1.896000 1.417655
1.897000 1.418588
1.898000 1.419554
1.899000 1.420551
1.900000 1.421579
1.901000 1.422637
1.902000 1.423726
1.903000 1.424844
1.904000 1.425991
1.905000 1.427169
1.906000 1.428377
1.907000 1.429614
1.908000 1.430882
1.909000 1.432180
1.910000 1.433511
1.911000 1.434873
1.912000 1.436268
1.913000 1.437697
1.914000 1.439159
1.915000 1.440657
1.916000 1.442190
1.917000 1.443759
1.918000 1.445364
1.919000 1.447007
1.920000 1.448688
1.921000 1.450406
1.922000 1.452161
1.923000 1.453954
1.924000 1.455782
1.925000 1.457646
1.926000 1.459543
1.927000 1.461472
1.928000 1.463432
1.929000 1.465420
1.930000 1.467435
1.931000 1.469474
1.932000 1.471533
1.933000 1.473611
1.934000 1.475703
1.935000 1.477806
1.936000 1.479917
1.937000 1.482033
1.938000 1.484149
1.939000 1.486267
1.940000 1.488381
1.941000 1.490491
1.942000 1.492592
1.943000 1.494682
1.944000 1.496758
1.945000 1.498816
1.946000 1.500854
1.947000 1.502869
1.948000 1.504861
1.949000 1.506827
1.950000 1.508766
1.951000 1.510676
1.952000 1.512558
1.953000 1.514410
1.954000 1.516231
1.955000 1.518020
1.956000 1.519777
1.957000 1.521502
1.958000 1.523193
1.959000 1.524853
1.960000 1.526481
1.961000 1.528077
1.962000 1.529642
1.963000 1.531174
1.964000 1.532675
1.965000 1.534144
1.966000 1.535580
1.967000 1.536983
1.968000 1.538353
1.969000 1.539688
1.970000 1.540987
1.971000 1.542250
1.972000 1.543478
1.973000 1.544671
1.974000 1.545830
1.975000 1.546953
1.976000 1.548043
1.977000 1.549100
1.978000 1.550123
1.979000 1.551114
1.980000 1.552074
1.981000 1.553003
1.982000 1.553904
1.983000 1.554778
1.984000 1.555626
1.985000 1.556451
1.986000 1.557256
1.987000 1.558042
1.988000 1.558815
1.989000 1.559577
1.990000 1.560330
1.991000 1.561079
1.992000 1.561826
1.993000 1.562575
1.994000 1.563331
1.995000 1.564098
1.996000 1.564879
1.997000 1.565677
1.998000 1.566496
1.999000 1.567337
