2048
800.000000
0.000000 0.000000
0.001000 0.000020
0.002000 0.000080
0.003000 0.000179
0.004000 0.000318
0.005000 0.000497
0.006000 0.000715
0.007000 0.000973
0.008000 0.001269
0.009000 0.001603
0.010000 0.001975
0.011000 0.002383
0.012000 0.002828
0.013000 0.003309
0.014000 0.003824
0.015000 0.004374
0.016000 0.004956
0.017000 0.005570
0.018000 0.006215
0.019000 0.006890
0.020000 0.007595
0.021000 0.008326
0.022000 0.009085
0.023000 0.009870
0.024000 0.010679
0.025000 0.011512
0.026000 0.012368
0.027000 0.013246
0.028000 0.014144
0.029000 0.015063
0.030000 0.016000
0.031000 0.016956
0.032000 0.017929
0.033000 0.018919
0.034000 0.019924
0.035000 0.020944
0.036000 0.021977
0.037000 0.023023
0.038000 0.024081
0.039000 0.025150
0.040000 0.026229
0.041000 0.027318
0.042000 0.028415
0.043000 0.029521
0.044000 0.030633
0.045000 0.031753
0.046000 0.032879
0.047000 0.034011
0.048000 0.035148
0.049000 0.036290
0.050000 0.037437
0.051000 0.038588
0.052000 0.039742
0.053000 0.040900
0.054000 0.042061
0.055000 0.043224
0.056000 0.044390
0.057000 0.045557
0.058000 0.046725
0.059000 0.047895
0.060000 0.049065
0.061000 0.050235
0.062000 0.051406
0.063000 0.052576
0.064000 0.053747
0.065000 0.054917
0.066000 0.056087
0.067000 0.057257
0.068000 0.058426
0.069000 0.059595
0.070000 0.060764
0.071000 0.061933
0.072000 0.063101
0.073000 0.064269
0.074000 0.065436
0.075000 0.066603
0.076000 0.067770
0.077000 0.068936
0.078000 0.070101
0.079000 0.071266
0.080000 0.072429
0.081000 0.073592
0.082000 0.074754
0.083000 0.075914
0.084000 0.077073
0.085000 0.078231
0.086000 0.079387
0.087000 0.080541
0.088000 0.081693
0.089000 0.082843
0.090000 0.083991
0.091000 0.085137
0.092000 0.086280
0.093000 0.087421
0.094000 0.088560
0.095000 0.089696
0.096000 0.090829
0.097000 0.091959
0.098000 0.093086
0.099000 0.094210
0.100000 0.095331
0.101000 0.096448
0.102000 0.097562
0.103000 0.098673
0.104000 0.099781
0.105000 0.100885
0.106000 0.101987
0.107000 0.103087
0.108000 0.104184
0.109000 0.105279
0.110000 0.106373
0.111000 0.107466
0.112000 0.108558
0.113000 0.109649
0.114000 0.110740
0.115000 0.111831
0.116000 0.112922
0.117000 0.114013
0.118000 0.115104
0.119000 0.116197
0.120000 0.117290
0.121000 0.118384
0.122000 0.119480
0.123000 0.120577
0.124000 0.121676
0.125000 0.122776
0.126000 0.123879
0.127000 0.124983
0.128000 0.126091
0.129000 0.127200
0.130000 0.128313
0.131000 0.129429
0.132000 0.130548
0.133000 0.131670
0.134000 0.132796
0.135000 0.133926
0.136000 0.135061
0.137000 0.136199
0.138000 0.137342
0.139000 0.138490
0.140000 0.139642
0.141000 0.140799
0.142000 0.141960
0.143000 0.143127
0.144000 0.144298
0.145000 0.145474
0.146000 0.146654
0.147000 0.147839
0.148000 0.149028
0.149000 0.150221
0.150000 0.151418
0.151000 0.152619
0.152000 0.153824
0.153000 0.155031
0.154000 0.156242
0.155000 0.157456
0.156000 0.158672
0.157000 0.159890
0.158000 0.161110
0.159000 0.162333
0.160000 0.163556
0.161000 0.164781
0.162000 0.166007
0.163000 0.167233
0.164000 0.168461
0.165000 0.169688
0.166000 0.170916
0.167000 0.172143
0.168000 0.173370
0.169000 0.174596
0.170000 0.175822
0.171000 0.177047
0.172000 0.178270
0.173000 0.179493
0.174000 0.180714
0.175000 0.181934
0.176000 0.183152
0.177000 0.184369
0.178000 0.185585
0.179000 0.186799
0.180000 0.188012
0.181000 0.189223
0.182000 0.190433
0.183000 0.191642
0.184000 0.192850
0.185000 0.194056
0.186000 0.195262
0.187000 0.196466
0.188000 0.197670
0.189000 0.198873
0.190000 0.200075
0.191000 0.201275
0.192000 0.202476
0.193000 0.203675
0.194000 0.204874
0.195000 0.206072
0.196000 0.207269
0.197000 0.208466
0.198000 0.209662
0.199000 0.210858
0.200000 0.212054
0.201000 0.213250
0.202000 0.214445
0.203000 0.215640
0.204000 0.216834
0.205000 0.218029
0.206000 0.219223
0.207000 0.220416
0.208000 0.221610
0.209000 0.222803
0.210000 0.223995
0.211000 0.225187
0.212000 0.226379
0.213000 0.227570
0.214000 0.228760
0.215000 0.229951
0.216000 0.231141
0.217000 0.232331
0.218000 0.233520
0.219000 0.234710
0.220000 0.235899
0.221000 0.237088
0.222000 0.238277
0.223000 0.239466
0.224000 0.240654
0.225000 0.241842
0.226000 0.243029
0.227000 0.244215
0.228000 0.245401
0.229000 0.246587
0.230000 0.247773
0.231000 0.248958
0.232000 0.250143
0.233000 0.251330
0.234000 0.252516
0.235000 0.253704
0.236000 0.254893
0.237000 0.256083
0.238000 0.257275
0.239000 0.258469
0.240000 0.259665
0.241000 0.260864
0.242000 0.262064
0.243000 0.263267
0.244000 0.264472
0.245000 0.265680
0.246000 0.266890
0.247000 0.268103
0.248000 0.269318
0.249000 0.270535
0.250000 0.271754
0.251000 0.272975
0.252000 0.274198
0.253000 0.275422
0.254000 0.276647
0.255000 0.277872
0.256000 0.279098
0.257000 0.280324
0.258000 0.281550
0.259000 0.282776
0.260000 0.284002
0.261000 0.285227
0.262000 0.286452
0.263000 0.287676
0.264000 0.288900
0.265000 0.290124
0.266000 0.291347
0.267000 0.292569
0.268000 0.293790
0.269000 0.295010
0.270000 0.296229
0.271000 0.297446
0.272000 0.298661
0.273000 0.299873
0.274000 0.301082
0.275000 0.302288
0.276000 0.303490
0.277000 0.304688
0.278000 0.305880
0.279000 0.307068
0.280000 0.308251
0.281000 0.309429
0.282000 0.310602
0.283000 0.311769
0.284000 0.312932
0.285000 0.314091
0.286000 0.315245
0.287000 0.316396
0.288000 0.317544
0.289000 0.318689
0.290000 0.319832
0.291000 0.320972
0.292000 0.322111
0.293000 0.323249
0.294000 0.324386
0.295000 0.325522
0.296000 0.326658
0.297000 0.327795
0.298000 0.328932
0.299000 0.330069
0.300000 0.331209
0.301000 0.332350
0.302000 0.333493
0.303000 0.334639
0.304000 0.335788
0.305000 0.336940
0.306000 0.338096
0.307000 0.339256
0.308000 0.340420
0.309000 0.341589
0.310000 0.342761
0.311000 0.343939
0.312000 0.345120
0.313000 0.346307
0.314000 0.347497
0.315000 0.348692
0.316000 0.349892
0.317000 0.351096
0.318000 0.352305
0.319000 0.353518
0.320000 0.354735
0.321000 0.355957
0.322000 0.357184
0.323000 0.358415
0.324000 0.359650
0.325000 0.360890
0.326000 0.362134
0.327000 0.363381
0.328000 0.364633
0.329000 0.365889
0.330000 0.367148
0.331000 0.368410
0.332000 0.369675
0.333000 0.370944
0.334000 0.372215
0.335000 0.373489
0.336000 0.374766
0.337000 0.376046
0.338000 0.377328
0.339000 0.378614
0.340000 0.379903
0.341000 0.381195
0.342000 0.382491
0.343000 0.383790
0.344000 0.385093
0.345000 0.386399
0.346000 0.387709
0.347000 0.389023
0.348000 0.390341
0.349000 0.391663
0.350000 0.392988
0.351000 0.394317
0.352000 0.395650
0.353000 0.396987
0.354000 0.398328
0.355000 0.399672
0.356000 0.401020
0.357000 0.402372
0.358000 0.403726
0.359000 0.405084
0.360000 0.406445
0.361000 0.407809
0.362000 0.409174
0.363000 0.410542
0.364000 0.411912
0.365000 0.413283
0.366000 0.414656
0.367000 0.416030
0.368000 0.417405
0.369000 0.418781
0.370000 0.420158
0.371000 0.421536
0.372000 0.422915
0.373000 0.424296
0.374000 0.425678
0.375000 0.427061
0.376000 0.428446
0.377000 0.429832
0.378000 0.431220
0.379000 0.432611
0.380000 0.434002
0.381000 0.435396
0.382000 0.436792
0.383000 0.438190
0.384000 0.439591
0.385000 0.440993
0.386000 0.442397
0.387000 0.443802
0.388000 0.445209
0.389000 0.446617
0.390000 0.448026
0.391000 0.449435
0.392000 0.450843
0.393000 0.452251
0.394000 0.453656
0.395000 0.455059
0.396000 0.456458
0.397000 0.457854
0.398000 0.459244
0.399000 0.460629
0.400000 0.462008
0.401000 0.463380
0.402000 0.464744
0.403000 0.466100
0.404000 0.467449
0.405000 0.468788
0.406000 0.470119
0.407000 0.471441
0.408000 0.472754
0.409000 0.474057
0.410000 0.475352
0.411000 0.476638
0.412000 0.477914
0.413000 0.479181
0.414000 0.480440
0.415000 0.481688
0.416000 0.482928
0.417000 0.484158
0.418000 0.485379
0.419000 0.486591
0.420000 0.487794
0.421000 0.488988
0.422000 0.490174
0.423000 0.491352
0.424000 0.492523
0.425000 0.493686
0.426000 0.494844
0.427000 0.495995
0.428000 0.497142
0.429000 0.498284
0.430000 0.499421
0.431000 0.500556
0.432000 0.501687
0.433000 0.502815
0.434000 0.503942
0.435000 0.505067
0.436000 0.506190
0.437000 0.507312
0.438000 0.508433
0.439000 0.509553
0.440000 0.510673
0.441000 0.511791
0.442000 0.512909
0.443000 0.514026
0.444000 0.515141
0.445000 0.516256
0.446000 0.517368
0.447000 0.518480
0.448000 0.519589
0.449000 0.520697
0.450000 0.521804
0.451000 0.522908
0.452000 0.524012
0.453000 0.525113
0.454000 0.526214
0.455000 0.527313
0.456000 0.528412
0.457000 0.529509
0.458000 0.530606
0.459000 0.531702
0.460000 0.532798
0.461000 0.533893
0.462000 0.534987
0.463000 0.536081
0.464000 0.537174
0.465000 0.538266
0.466000 0.539357
0.467000 0.540448
0.468000 0.541538
0.469000 0.542626
0.470000 0.543714
0.471000 0.544802
0.472000 0.545889
0.473000 0.546976
0.474000 0.548064
0.475000 0.549151
0.476000 0.550239
0.477000 0.551327
0.478000 0.552416
0.479000 0.553505
0.480000 0.554595
0.481000 0.555687
0.482000 0.556779
0.483000 0.557873
0.484000 0.558969
0.485000 0.560066
0.486000 0.561167
0.487000 0.562269
0.488000 0.563375
0.489000 0.564484
0.490000 0.565596
0.491000 0.566711
0.492000 0.567829
0.493000 0.568951
0.494000 0.570075
0.495000 0.571202
0.496000 0.572332
0.497000 0.573465
0.498000 0.574599
0.499000 0.575735
0.500000 0.576872
0.501000 0.578010
0.502000 0.579148
0.503000 0.580286
0.504000 0.581424
0.505000 0.582561
0.506000 0.583698
0.507000 0.584833
0.508000 0.585966
0.509000 0.587098
0.510000 0.588228
0.511000 0.589356
0.512000 0.590482
0.513000 0.591605
0.514000 0.592725
0.515000 0.593843
0.516000 0.594957
0.517000 0.596069
0.518000 0.597177
0.519000 0.598283
0.520000 0.599386
0.521000 0.600485
0.522000 0.601583
0.523000 0.602677
0.524000 0.603770
0.525000 0.604861
0.526000 0.605950
0.527000 0.607038
0.528000 0.608126
0.529000 0.609212
0.530000 0.610299
0.531000 0.611385
0.532000 0.612471
0.533000 0.613558
0.534000 0.614644
0.535000 0.615731
0.536000 0.616818
0.537000 0.617905
0.538000 0.618992
0.539000 0.620079
0.540000 0.621166
0.541000 0.622252
0.542000 0.623337
0.543000 0.624421
0.544000 0.625504
0.545000 0.626586
0.546000 0.627666
0.547000 0.628745
0.548000 0.629821
0.549000 0.630896
0.550000 0.631969
0.551000 0.633040
0.552000 0.634110
0.553000 0.635177
0.554000 0.636243
0.555000 0.637307
0.556000 0.638371
0.557000 0.639433
0.558000 0.640494
0.559000 0.641555
0.560000 0.642615
0.561000 0.643676
0.562000 0.644737
0.563000 0.645799
0.564000 0.646862
0.565000 0.647927
0.566000 0.648994
0.567000 0.650064
0.568000 0.651137
0.569000 0.652214
0.570000 0.653295
0.571000 0.654381
0.572000 0.655473
0.573000 0.656570
0.574000 0.657673
0.575000 0.658782
0.576000 0.659897
0.577000 0.661018
0.578000 0.662145
0.579000 0.663278
0.580000 0.664416
0.581000 0.665559
0.582000 0.666707
0.583000 0.667859
0.584000 0.669014
0.585000 0.670173
0.586000 0.671335
0.587000 0.672499
0.588000 0.673665
0.589000 0.674834
0.590000 0.676004
0.591000 0.677176
0.592000 0.678349
0.593000 0.679524
0.594000 0.680699
0.595000 0.681876
0.596000 0.683052
0.597000 0.684229
0.598000 0.685406
0.599000 0.686582
0.600000 0.687757
0.601000 0.688930
0.602000 0.690102
0.603000 0.691271
0.604000 0.692438
0.605000 0.693603
0.606000 0.694764
0.607000 0.695923
0.608000 0.697079
0.609000 0.698233
0.610000 0.699384
0.611000 0.700535
0.612000 0.701685
0.613000 0.702835
0.614000 0.703985
0.615000 0.705138
0.616000 0.706292
0.617000 0.707450
0.618000 0.708611
0.619000 0.709777
0.620000 0.710948
0.621000 0.712123
0.622000 0.713305
0.623000 0.714492
0.624000 0.715685
0.625000 0.716885
0.626000 0.718090
0.627000 0.719302
0.628000 0.720519
0.629000 0.721743
0.630000 0.722972
0.631000 0.724206
0.632000 0.725445
0.633000 0.726690
0.634000 0.727939
0.635000 0.729192
0.636000 0.730449
0.637000 0.731709
0.638000 0.732973
0.639000 0.734239
0.640000 0.735508
0.641000 0.736778
0.642000 0.738049
0.643000 0.739320
0.644000 0.740592
0.645000 0.741863
0.646000 0.743133
0.647000 0.744401
0.648000 0.745667
0.649000 0.746931
0.650000 0.748193
0.651000 0.749451
0.652000 0.750707
0.653000 0.751958
0.654000 0.753207
0.655000 0.754451
0.656000 0.755692
0.657000 0.756930
0.658000 0.758163
0.659000 0.759393
0.660000 0.760619
0.661000 0.761842
0.662000 0.763061
0.663000 0.764277
0.664000 0.765490
0.665000 0.766700
0.666000 0.767908
0.667000 0.769113
0.668000 0.770317
0.669000 0.771518
0.670000 0.772718
0.671000 0.773918
0.672000 0.775116
0.673000 0.776313
0.674000 0.777510
0.675000 0.778706
0.676000 0.779901
0.677000 0.781096
0.678000 0.782290
0.679000 0.783484
0.680000 0.784677
0.681000 0.785