0	0
0.001	9.88922e-06
0.002	3.95032e-05
0.003	8.87475e-05
0.004	0.00015751
0.005	0.000245663
0.006	0.000353064
0.007	0.000479553
0.008	0.000624996
0.009	0.000789223
0.01	0.000972051
0.011	0.00117328
0.012	0.00139271
0.013	0.00163012
0.014	0.00188525
0.015	0.00215789
0.016	0.00244778
0.017	0.00275463
0.018	0.00307815
0.019	0.00341798
0.02	0.00377378
0.021	0.0041452
0.022	0.00453186
0.023	0.00493335
0.024	0.00534926
0.025	0.00577915
0.026	0.00622256
0.027	0.00667901
0.028	0.007148
0.029	0.00762904
0.03	0.00812165
0.031	0.00862532
0.032	0.00913955
0.033	0.00966391
0.034	0.0101979
0.035	0.0107412
0.036	0.0112931
0.037	0.0118535
0.038	0.0124218
0.039	0.0129976
0.04	0.0135807
0.041	0.0141705
0.042	0.0147668
0.043	0.0153691
0.044	0.015977
0.045	0.0165903
0.046	0.0172084
0.047	0.0178311
0.048	0.018458
0.049	0.0190887
0.05	0.0197226
0.051	0.0203596
0.052	0.020999
0.053	0.0216405
0.054	0.0222836
0.055	0.0229278
0.056	0.0235728
0.057	0.024218
0.058	0.0248631
0.059	0.0255076
0.06	0.0261511
0.061	0.0267933
0.062	0.0274338
0.063	0.0280723
0.064	0.0287084
0.065	0.0293417
0.066	0.0299722
0.067	0.0305994
0.068	0.0312231
0.069	0.0318432
0.07	0.0324595
0.071	0.0330719
0.072	0.0336801
0.073	0.034284
0.074	0.0348836
0.075	0.0354788
0.076	0.0360697
0.077	0.0366564
0.078	0.0372388
0.079	0.037817
0.08	0.0383912
0.081	0.0389613
0.082	0.0395274
0.083	0.0400899
0.084	0.0406487
0.085	0.0412039
0.086	0.0417555
0.087	0.0423036
0.088	0.0428483
0.089	0.0433895
0.09	0.0439273
0.091	0.0444614
0.092	0.044992
0.093	0.0455188
0.094	0.0460417
0.095	0.0465604
0.096	0.0470751
0.097	0.0475856
0.098	0.0480921
0.099	0.0485945
0.1	0.0490928
0.101	0.0495868
0.102	0.0500765
0.103	0.0505621
0.104	0.0510437
0.105	0.0515212
0.106	0.0519944
0.107	0.0524633
0.108	0.0529278
0.109	0.053388
0.11	0.0538437
0.111	0.0542951
0.112	0.0547421
0.113	0.0551848
0.114	0.0556231
0.115	0.0560571
0.116	0.056487
0.117	0.0569129
0.118	0.0573349
0.119	0.0577531
0.12	0.0581676
0.121	0.0585787
0.122	0.0589865
0.123	0.0593912
0.124	0.0597927
0.125	0.0601913
0.126	0.060587
0.127	0.0609798
0.128	0.0613697
0.129	0.0617566
0.13	0.0621404
0.131	0.062521
0.132	0.0628984
0.133	0.0632726
0.134	0.0636434
0.135	0.0640106
0.136	0.0643739
0.137	0.064733
0.138	0.0650878
0.139	0.0654378
0.14	0.0657827
0.141	0.0661226
0.142	0.0664575
0.143	0.0667873
0.144	0.067112
0.145	0.0674319
0.146	0.0677469
0.147	0.0680573
0.148	0.0683632
0.149	0.0686649
0.15	0.0689624
0.151	0.069256
0.152	0.0695459
0.153	0.0698324
0.154	0.0701158
0.155	0.0703963
0.156	0.0706741
0.157	0.0709494
0.158	0.0712221
0.159	0.0714926
0.16	0.0717607
0.161	0.0720264
0.162	0.0722896
0.163	0.0725502
0.164	0.0728082
0.165	0.0730636
0.166	0.0733163
0.167	0.0735663
0.168	0.0738134
0.169	0.0740578
0.17	0.0742993
0.171	0.074538
0.172	0.0747739
0.173	0.0750071
0.174	0.0752377
0.175	0.0754659
0.176	0.0756918
0.177	0.0759154
0.178	0.0761371
0.179	0.0763571
0.18	0.0765756
0.181	0.076793
0.182	0.0770096
0.183	0.0772257
0.184	0.0774416
0.185	0.0776576
0.186	0.0778739
0.187	0.0780908
0.188	0.0783086
0.189	0.0785275
0.19	0.0787479
0.191	0.0789699
0.192	0.0791937
0.193	0.0794197
0.194	0.0796478
0.195	0.0798784
0.196	0.0801114
0.197	0.0803472
0.198	0.0805856
0.199	0.0808268
0.2	0.0810707
0.201	0.0813175
0.202	0.0815668
0.203	0.0818188
0.204	0.0820731
0.205	0.0823297
0.206	0.0825886
0.207	0.0828498
0.208	0.0831134
0.209	0.0833791
0.21	0.083647
0.211	0.0839168
0.212	0.0841885
0.213	0.084462
0.214	0.084737
0.215	0.0850134
0.216	0.085291
0.217	0.0855697
0.218	0.0858492
0.219	0.0861295
0.22	0.0864104
0.221	0.0866919
0.222	0.0869739
0.223	0.0872563
0.224	0.0875392
0.225	0.0878225
0.226	0.0881062
0.227	0.08839
0.228	0.0886739
0.229	0.0889579
0.23	0.089242
0.231	0.0895261
0.232	0.0898102
0.233	0.0900942
0.234	0.0903779
0.235	0.0906614
0.236	0.0909445
0.237	0.091227
0.238	0.0915088
0.239	0.0917898
0.24	0.0920697
0.241	0.0923485
0.242	0.0926266
0.243	0.0929038
0.244	0.0931799
0.245	0.0934548
0.246	0.0937284
0.247	0.0940006
0.248	0.0942713
0.249	0.0945404
0.25	0.094808
0.251	0.095074
0.252	0.0953385
0.253	0.0956015
0.254	0.095863
0.255	0.0961233
0.256	0.0963824
0.257	0.0966404
0.258	0.0968976
0.259	0.097154
0.26	0.0974098
0.261	0.097665
0.262	0.0979198
0.263	0.0981743
0.264	0.0984286
0.265	0.0986829
0.266	0.0989371
0.267	0.0991915
0.268	0.0994461
0.269	0.0997008
0.27	0.0999559
0.271	0.100211
0.272	0.100467
0.273	0.100722
0.274	0.100978
0.275	0.101233
0.276	0.101488
0.277	0.101743
0.278	0.101998
0.279	0.102253
0.28	0.102507
0.281	0.10276
0.282	0.103013
0.283	0.103264
0.284	0.103514
0.285	0.103763
0.286	0.104011
0.287	0.104257
0.288	0.104501
0.289	0.104745
0.29	0.104986
0.291	0.105226
0.292	0.105464
0.293	0.105701
0.294	0.105936
0.295	0.106169
0.296	0.1064
0.297	0.10663
0.298	0.106857
0.299	0.107082
0.3	0.107305
0.301	0.107525
0.302	0.107742
0.303	0.107956
0.304	0.108168
0.305	0.108376
0.306	0.108582
0.307	0.108784
0.308	0.108983
0.309	0.109178
0.31	0.109371
0.311	0.109559
0.312	0.109745
0.313	0.109927
0.314	0.110105
0.315	0.110278
0.316	0.110448
0.317	0.110614
0.318	0.110775
0.319	0.110932
0.32	0.111085
0.321	0.111233
0.322	0.111377
0.323	0.111516
0.324	0.111651
0.325	0.11178
0.326	0.111904
0.327	0.112024
0.328	0.112138
0.329	0.112248
0.33	0.112352
0.331	0.112452
0.332	0.112546
0.333	0.112635
0.334	0.112719
0.335	0.112798
0.336	0.112872
0.337	0.112941
0.338	0.113004
0.339	0.113062
0.34	0.113115
0.341	0.113163
0.342	0.113207
0.343	0.113246
0.344	0.11328
0.345	0.113311
0.346	0.113338
0.347	0.113362
0.348	0.113383
0.349	0.113401
0.35	0.113416
0.351	0.11343
0.352	0.113441
0.353	0.113451
0.354	0.113459
0.355	0.113467
0.356	0.113473
0.357	0.113479
0.358	0.113484
0.359	0.113489
0.36	0.113494
0.361	0.113498
0.362	0.113503
0.363	0.113507
0.364	0.113511
0.365	0.113515
0.366	0.113519
0.367	0.113523
0.368	0.113526
0.369	0.113529
0.37	0.113532
0.371	0.113533
0.372	0.113534
0.373	0.113533
0.374	0.113532
0.375	0.113529
0.376	0.113525
0.377	0.11352
0.378	0.113513
0.379	0.113504
0.38	0.113494
0.381	0.113482
0.382	0.113468
0.383	0.113453
0.384	0.113436
0.385	0.113418
0.386	0.113399
0.387	0.113379
0.388	0.113357
0.389	0.113335
0.39	0.113312
0.391	0.113288
0.392	0.113264
0.393	0.11324
0.394	0.113217
0.395	0.113193
0.396	0.113171
0.397	0.113148
0.398	0.113127
0.399	0.113105
0.4	0.113085
0.401	0.113065
0.402	0.113046
0.403	0.113028
0.404	0.113011
0.405	0.112994
0.406	0.112978
0.407	0.112963
0.408	0.112948
0.409	0.112934
0.41	0.112921
0.411	0.112908
0.412	0.112894
0.413	0.112881
0.414	0.112868
0.415	0.112855
0.416	0.112841
0.417	0.112827
0.418	0.112813
0.419	0.112798
0.42	0.112783
0.421	0.112767
0.422	0.112751
0.423	0.112735
0.424	0.112718
0.425	0.112701
0.426	0.112684
0.427	0.112668
0.428	0.112651
0.429	0.112636
0.43	0.112621
0.431	0.112607
0.432	0.112595
0.433	0.112584
0.434	0.112575
0.435	0.112568
0.436	0.112564
0.437	0.112563
0.438	0.112564
0.439	0.112569
0.44	0.112576
0.441	0.112587
0.442	0.112602
0.443	0.11262
0.444	0.112641
0.445	0.112666
0.446	0.112694
0.447	0.112725
0.448	0.11276
0.449	0.112797
0.45	0.112837
0.451	0.112879
0.452	0.112924
0.453	0.11297
0.454	0.113017
0.455	0.113065
0.456	0.113113
0.457	0.113161
0.458	0.113209
0.459	0.113256
0.46	0.113303
0.461	0.11335
0.462	0.113395
0.463	0.11344
0.464	0.113483
0.465	0.113525
0.466	0.113564
0.467	0.113602
0.468	0.113637
0.469	0.11367
0.47	0.1137
0.471	0.113727
0.472	0.113751
0.473	0.113772
0.474	0.11379
0.475	0.113805
0.476	0.113816
0.477	0.113824
0.478	0.113829
0.479	0.113829
0.48	0.113826
0.481	0.113819
0.482	0.113808
0.483	0.113793
0.484	0.113774
0.485	0.11375
0.486	0.113722
0.487	0.113688
0.488	0.11365
0.489	0.113607
0.49	0.113559
0.491	0.113506
0.492	0.113449
0.493	0.113388
0.494	0.113323
0.495	0.113254
0.496	0.113181
0.497	0.113105
0.498	0.113026
0.499	0.112943
0.5	0.112857
0.501	0.112768
0.502	0.112677
0.503	0.112583
0.504	0.112488
0.505	0.11239
0.506	0.112291
0.507	0.112191
0.508	0.11209
0.509	0.111986
0.51	0.111882
0.511	0.111777
0.512	0.11167
0.513	0.111563
0.514	0.111455
0.515	0.111346
0.516	0.111237
0.517	0.111127
0.518	0.111017
0.519	0.110907
0.52	0.110796
0.521	0.110685
0.522	0.110573
0.523	0.110461
0.524	0.110349
0.525	0.110236
0.526	0.110123
0.527	0.110009
0.528	0.109895
0.529	0.10978
0.53	0.109665
0.531	0.109548
0.532	0.109431
0.533	0.109314
0.534	0.109195
0.535	0.109076
0.536	0.108955
0.537	0.108834
0.538	0.108712
0.539	0.10859
0.54	0.108467
0.541	0.108343
0.542	0.108218
0.543	0.108093
0.544	0.107968
0.545	0.107842
0.546	0.107716
0.547	0.107591
0.548	0.107466
0.549	0.107341
0.55	0.107216
0.551	0.107093
0.552	0.10697
0.553	0.106847
0.554	0.106726
0.555	0.106606
0.556	0.106486
0.557	0.106368
0.558	0.10625
0.559	0.106134
0.56	0.10602
0.561	0.105906
0.562	0.105794
0.563	0.105683
0.564	0.105573
0.565	0.105464
0.566	0.105356
0.567	0.10525
0.568	0.105145
0.569	0.105042
0.57	0.104939
0.571	0.104838
0.572	0.104738
0.573	0.104639
0.574	0.104541
0.575	0.104445
0.576	0.104349
0.577	0.104254
0.578	0.104159
0.579	0.104066
0.58	0.103973
0.581	0.103881
0.582	0.10379
0.583	0.1037
0.584	0.103611
0.585	0.103522
0.586	0.103433
0.587	0.103344
0.588	0.103255
0.589	0.103167
0.59	0.10308
0.591	0.102993
0.592	0.102906
0.593	0.102821
0.594	0.102736
0.595	0.102653
0.596	0.102571
0.597	0.102491
0.598	0.102413
0.599	0.102337
0.6	0.102264
0.601	0.102194
0.602	0.102127
0.603	0.102064
0.604	0.102005
0.605	0.101949
0.606	0.101898
0.607	0.101851
0.608	0.101809
0.609	0.101771
0.61	0.101738
0.611	0.101709
0.612	0.101685
0.613	0.101665
0.614	0.101649
0.615	0.101637
0.616	0.101629
0.617	0.101625
0.618	0.101624
0.619	0.101626
0.62	0.101631
0.621	0.101638
0.622	0.101649
0.623	0.101661
0.624	0.101676
0.625	0.101692
0.626	0.101711
0.627	0.10173
0.628	0.101751
0.629	0.101773
0.63	0.101795
0.631	0.101818
0.632	0.101842
0.633	0.101866
0.634	0.101891
0.635	0.101916
0.636	0.101941
0.637	0.101967
0.638	0.101993
0.639	0.10202
0.64	0.102048
0.641	0.102076
0.642	0.102106
0.643	0.102136
0.644	0.102168
0.645	0.102201
0.646	0.102235
0.647	0.10227
0.648	0.102307
0.649	0.102346
0.65	0.102387
0.651	0.102429
0.652	0.102473
0.653	0.102519
0.654	0.102566
0.655	0.102616
0.656	0.102667
0.657	0.102721
0.658	0.102776
0.659	0.102832
0.66	0.102891
0.661	0.10295
0.662	0.103011
0.663	0.103072
0.664	0.103135
0.665	0.103198
0.666	0.103262
0.667	0.103327
0.668	0.103393
0.669	0.103459
0.67	0.103525
0.671	0.103592
0.672	0.103659
0.673	0.103727
0.674	0.103794
0.675	0.103862
0.676	0.103929
0.677	0.103996
0.678	0.104063
0.679	0.10413
0.68	0.104195
0.681	0.104259
0.682	0.104322
0.683	0.104383
0.684	0.104441
0.685	0.104497
0.686	0.10455
0.687	0.1046
0.688	0.104647
0.689	0.10469
0.69	0.104728
0.691	0.104763
0.692	0.104792
0.693	0.104816
0.694	0.104836
0.695	0.10485
0.696	0.104858
0.697	0.104861
0.698	0.104858
0.699	0.10485
0.7	0.104836
0.701	0.104817
0.702	0.104792
0.703	0.104762
0.704	0.104727
0.705	0.104687
0.706	0.104642
0.707	0.104594
0.708	0.104541
0.709	0.104485
0.71	0.104426
0.711	0.104363
0.712	0.104298
0.713	0.104231
0.714	0.104161
0.715	0.10409
0.716	0.104016
0.717	0.103942
0.718	0.103866
0.719	0.103788
0.72	0.10371
0.721	0.10363
0.722	0.10355
0.723	0.103468
0.724	0.103385
0.725	0.103301
0.726	0.103215
0.727	0.103129
0.728	0.103042
0.729	0.102954
0.73	0.102866
0.731	0.102778
0.732	0.102689
0.733	0.1026
0.734	0.10251
0.735	0.102421
0.736	0.102331
0.737	0.102242
0.738	0.102153
0.739	0.102063
0.74	0.101974
0.741	0.101885
0.742	0.101796
0.743	0.101706
0.744	0.101617
0.745	0.101527
0.746	0.101437
0.747	0.101346
0.748	0.101255
0.749	0.101163
0.75	0.10107
0.751	0.100977
0.752	0.100883
0.753	0.100788
0.754	0.100693
0.755	0.100597
0.756	0.1005
0.757	0.100401
0.758	0.100302
0.759	0.100201
0.76	0.100099
0.761	0.0999958
0.762	0.0998914
0.763	0.0997854
0.764	0.0996778
0.765	0.0995686
0.766	0.0994577
0.767	0.0993451
0.768	0.0992308
0.769	0.099115
0.77	0.0989975
0.771	0.0988782
0.772	0.0987571
0.773	0.0986345
0.774	0.0985104
0.775	0.0983851
0.776	0.0982587
0.777	0.0981314
0.778	0.0980035
0.779	0.0978749
0.78	0.097746
0.781	0.0976169
0.782	0.0974879
0.783	0.097359
0.784	0.0972305
0.785	0.0971023
0.786	0.0969746
0.787	0.0968469
0.788	0.0967194
0.789	0.0965921
0.79	0.0964654
0.791	0.0963387
0.792	0.0962123
0.793	0.0960864
0.794	0.095961
0.795	0.0958362
0.796	0.095712
0.797	0.0955885
0.798	0.0954657
0.799	0.0953438
0.8	0.0952227
0.801	0.0951024
0.802	0.0949829
0.803	0.0948643
0.804	0.0947467
0.805	0.0946299
0.806	0.0945141
0.807	0.0943992
0.808	0.0942853
0.809	0.0941724
0.81	0.0940605
0.811	0.0939496
0.812	0.0938397
0.813	0.0937309
0.814	0.0936231
0.815	0.0935164
0.816	0.0934108
0.817	0.0933063
0.818	0.0932028
0.819	0.0931005
0.82	0.0929993
0.821	0.0928993
0.822	0.0928004
0.823	0.0927028
0.824	0.0926065
0.825	0.0925114
0.826	0.0924174
0.827	0.0923247
0.828	0.0922332
0.829	0.0921428
0.83	0.0920535
0.831	0.0919652
0.832	0.091878
0.833	0.0917917
0.834	0.0917063
0.835	0.0916218
0.836	0.0915382
0.837	0.0914556
0.838	0.0913739
0.839	0.0912933
0.84	0.0912138
0.841	0.0911355
0.842	0.0910585
0.843	0.0909829
0.844	0.090909
0.845	0.0908372
0.846	0.0907676
0.847	0.0907005
0.848	0.0906361
0.849	0.0905745
0.85	0.090516
0.851	0.0904608
0.852	0.0904088
0.853	0.0903601
0.854	0.0903149
0.855	0.0902734
0.856	0.0902357
0.857	0.0902018
0.858	0.0901717
0.859	0.0901455
0.86	0.0901231
0.861	0.0901047
0.862	0.0900901
0.863	0.0900794
0.864	0.0900725
0.865	0.0900695
0.866	0.0900702
0.867	0.0900747
0.868	0.0900828
0.869	0.0900945
0.87	0.0901096
0.871	0.0901281
0.872	0.0901499
0.873	0.0901747
0.874	0.0902025
0.875	0.0902331
0.876	0.0902664
0.877	0.0903023
0.878	0.0903407
0.879	0.0903815
0.88	0.0904247
0.881	0.0904704
0.882	0.0905183
0.883	0.0905687
0.884	0.0906213
0.885	0.0906761
0.886	0.0907331
0.887	0.0907924
0.888	0.0908538
0.889	0.0909172
0.89	0.0909826
0.891	0.0910499
0.892	0.0911192
0.893	0.0911906
0.894	0.0912641
0.895	0.0913396
0.896	0.0914173
0.897	0.0914971
0.898	0.091579
0.899	0.0916631
0.9	0.0917494
0.901	0.0918377
0.902	0.0919283
0.903	0.0920209
0.904	0.0921155
0.905	0.0922122
0.906	0.0923109
0.907	0.0924116
0.908	0.0925146
0.909	0.0926198
0.91	0.0927273
0.911	0.0928373
0.912	0.0929495
0.913	0.093064
0.914	0.0931809
0.915	0.0933002
0.916	0.0934213
0.917	0.0935443
0.918	0.0936693
0.919	0.093796
0.92	0.0939246
0.921	0.0940549
0.922	0.0941867
0.923	0.0943199
0.924	0.0944544
0.925	0.0945901
0.926	0.0947267
0.927	0.0948641
0.928	0.0950019
0.929	0.0951397
0.93	0.0952774
0.931	0.0954147
0.932	0.0955511
0.933	0.0956867
0.934	0.0958211
0.935	0.0959542
0.936	0.0960857
0.937	0.0962156
0.938	0.0963437
0.939	0.09647
0.94	0.0965944
0.941	0.0967161
0.942	0.0968354
0.943	0.0969522
0.944	0.0970667
0.945	0.0971791
0.946	0.0972893
0.947	0.0973975
0.948	0.0975039
0.949	0.0976084
0.95	0.0977112
0.951	0.0978122
0.952	0.0979116
0.953	0.0980094
0.954	0.0981057
0.955	0.0982002
0.956	0.0982933
0.957	0.0983847
0.958	0.0984746
0.959	0.0985626
0.96	0.0986484
0.961	0.098732
0.962	0.0988134
0.963	0.0988926
0.964	0.0989693
0.965	0.0990436
0.966	0.0991151
0.967	0.0991838
0.968	0.0992492
0.969	0.0993114
0.97	0.0993702
0.971	0.0994257
0.972	0.0994779
0.973	0.0995269
0.974	0.0995728
0.975	0.0996159
0.976	0.0996563
0.977	0.0996943
0.978	0.09973
0.979	0.0997635
0.98	0.0997951
0.981	0.0998251
0.982	0.0998535
0.983	0.0998807
0.984	0.0999067
0.985	0.0999316
0.986	0.0999561
0.987	0.0999802
0.988	0.100004
0.989	0.100028
0.99	0.100051
0.991	0.100075
0.992	0.100098
0.993	0.100121
0.994	0.100144
0.995	0.100167
0.996	0.10019
0.997	0.100213
0.998	0.100238
0.999	0.100263
