383.789
0.000988845
0.00383477
0.0082146
0.0136909
0.0197867
0.0261433
0.0325718
0.0389273
0.0450838
0.0509921
0.0566654
0.0621746
0.0675455
0.0727706
0.0778737
0.0829395
0.0880158
0.0930758
0.0981215
0.103112
0.107964
0.112675
0.117268
0.121775
0.126234
0.130692
0.135152
0.139656
0.144204
0.148764
0.153341
0.157967
0.162588
0.167192
0.171795
0.176326
0.180686
0.18499
0.189392
0.193922
0.198469
0.202983
0.207434
0.211711
0.215781
0.219628
0.223271
0.226842
0.230395
0.234016
0.237788
0.241741
0.245881
0.250206
0.254738
0.259465
0.264238
0.268802
0.273052
0.277097
0.280969
0.284635
0.288123
0.291523
0.294904
0.298316
0.30171
0.305122
0.308657
0.312393
0.31641
0.320738
0.325324
0.330076
0.334987
0.340078
0.345237
0.350274
0.355119
0.359842
0.364556
0.369392
0.374283
0.379073
0.383709
0.38813
0.392449
0.39675
0.401036
0.405402
0.409884
0.414408
0.41895
0.423491
0.428093
0.432748
0.437437
0.442205
0.447005
0.451711
0.456247
0.460639
0.464997
0.469387
0.473825
0.478257
0.482606
0.486896
0.491182
0.495542
0.500094
0.504803
0.509578
0.514301
0.518945
0.52361
0.528425
0.533454
0.538661
0.543972
0.549312
0.554627
0.559951
0.565371
0.570929
0.576636
0.582541
0.588649
0.594795
0.600808
0.606631
0.612281
0.617771
0.623084
0.628216
0.633211
0.638122
0.643021
0.647874
0.65262
0.657328
0.662026
0.666764
0.671513
0.676207
0.680865
0.68555
0.690412
0.695497
0.700566
0.705401
0.709941
0.714238
0.718449
0.722713
0.727087
0.731643
0.736386
0.74126
0.746139
0.750838
0.755254
0.759376
0.763329
0.767178
0.770906
0.774607
0.778393
0.782427
0.786721
0.791079
0.79537
0.799781
0.804455
0.809334
0.814295
0.819286
0.824218
0.829089
0.834037
0.83905
0.844041
0.848962
0.853851
0.858737
0.863583
0.86831
0.872766
0.876895
0.880696
0.884236
0.887715
0.891354
0.895346
0.899812
0.904973
0.910782
0.91684
0.9228
0.928484
0.933807
0.938951
0.944188
0.949592
0.955252
0.961166
0.96708
0.972888
0.978582
0.98409
0.989341
0.99442
0.999497
1.00461
1.00966
1.0146
1.0196
1.02473
1.0301
1.03585
1.0418
1.04764
1.05318
1.05859
1.06406
1.06958
1.07491
1.07995
1.08472
1.08921
1.09345
1.09753
1.10146
1.10521
1.10881
1.11229
1.1158
1.11954
1.12358
1.12769
1.13171
1.13579
1.14004
1.14443
1.14905
1.15392
1.15888
1.16374
1.16844
1.1731
1.17787
1.18282
1.18789
1.19287
1.19762
1.2024
1.20744
1.21274
1.2182
1.22369
1.22918
1.2347
1.24017
1.2455
1.25072
1.25591
1.26108
1.26621
1.27123
1.27604
1.2805
1.28477
1.2891
1.29358
1.29813
1.3028
1.30757
1.31227
1.31687
1.3215
1.32636
1.33156
1.33688
1.34196
1.34667
1.35111
1.35543
1.35988
1.3647
1.36995
1.37547
1.38105
1.38664
1.39235
1.39821
1.40422
1.41045
1.41687
1.42318
1.42916
1.4348
1.44016
1.44526
1.45014
1.45481
1.4593
1.46368
1.46803
1.47228
1.47656
1.48113
1.48603
1.49137
1.49705
1.5027
1.50796
1.51272
1.51694
1.5207
1.52422
1.52761
1.5307
1.53352
1.53622
1.53875
1.54117
1.54361
1.54622
1.54901
1.55191
1.55489
1.55803
