-16248.8
-16226.8
-16189.9
-16137.8
-16070.2
-15986.5
-15885.9
-15767.7
-15631
-15474.2
-15296.4
-15096.1
-14871.4
-14620.6
-14341.6
-14031.6
-13688.1
-13307.7
-12886.9
-12421.7
-11907.2
-11338.7
-10710.3
-10015.2
-9246.49
-8395.42
-7452.68
-6407.52
-5247.7
-3959.44
-2527.08
-932.637
844.145
2826.42
5040.48
7516.11
10287.1
13391.4
16871.9
20776
25156
30068.6
35574.1
41734.4
48611.4
56262.7
64738
74073.9
84289.5
95382.3
107326
120071
133541
147641
162251
177231
192425
207666
222781
237605
251983
265782
278892
291225
302719
313334
323052
331876
339823
346927
353231
358787
363646
367860
371479
374546
377102
379180
380809
382017
382828
383268
383365
383150
382655
381915
380965
379841
378573
377193
375727
374201
372639
371060
369488
367939
366432
364979
363589
362265
361005
359797
358627
357473
356313
355128
353899
352619
351286
349911
348510
347108
345728
344395
343132
341959
340893
339952
339151
338505
338023
337711
337571
337595
337768
338068
338466
338925
339405
339863
340254
340532
340652
340573
340257
339675
338807
337646
336200
334495
332568
330467
328249
325969
323683
321439
319277
317224
315299
313508
311851
310321
308910
307608
306413
305323
304345
303486
302758
302170
301727
301424
301247
301169
301152
301147
301106
300983
300746
300388
299919
299372
298789
298215
297687
297234
296874
296610
296440
296354
296338
296377
296458
296572
296713
296884
297092
297350
297674
298084
298594
299218
299960
300815
301772
302806
303888
304977
306031
307000
307832
308478
308894
309053
308949
308602
308059
307388
306670
305986
305411
305007
304818
304868
305162
305686
306409
307286
308262
309278
310272
311189
311977
312598
313024
313244
313260
313091
312768
312331
311830
311317
310847
310472
310238
310184
310339
310719
311327
312153
313173
314351
315643
317002
318378
319726
321007
322192
323259
324199
325006
325681
326228
326651
326957
327156
327259
327279
327224
327094
326877
326551
326089
325469
324692
323785
322808
321838
320954
320217
319657
319268
319009
318810
318592
318283
317839
317256
316565
315821
315081
314389
313768
313221
312738
312298
311878
311460
311033
310592
310142
309692
309249
308819
308399
307984
307560
307113
306627
306089
305486
304811
304058
303228
302322
301341
300290
299169
297981
296731
295425
294083
292731
291409
290166
289050
288102
287356
286827
286522
286432
286541
286824
287248
287776
288370
288987
289590
290145
290625
291014
291310
291520
291666
291772
291868
291980
292127
292317
292552
292822
293113
293407
293685
293933
294143
294314
294453
294572
294687
294814
294969
295164
295408
295705
296052
296440
296854
297277
297685
298055
298365
298596
298734
298771
298708
298551
298314
298015
297675
297317
296964
296636
296349
296117
295946
295840
295797
295813
295883
296000
296159
296351
296568
296802
297043
297281
297507
297713
297895
298052
298185
298300
298399
298488
298569
298649
298736
298843
298990
299199
299497
299911
300461
301165
302026
303040
304190
305445
306764
308096
309383
310564
311580
312379
312923
313196
313205
312983
312589
312094
311573
311101
310734
310513
310454
310547
310758
311035
311314
311538
311672
311709
311671
311590
311499
311420
311359
311307
311250
311166
311035
310841
310568
310208
309756
309215
308596
307916
307203
306492
305819
305227
304755
304439
304312
304397
304713
305267
306056
307065
308266
309619
311083
312618
314198
315813
317460
319139
320836
322528
324171
325716
327110
328306
329265
329961
330376
330498
330317
329821
329000
327842
326341
324501
322343
319908
317258
314472
311640
308854
306204
303765
301595
299733
298198
296988
296084
295453
295050
294826
294729
294705
294708
294700
294651
294542
294360
294091
293716
293212
292563
291776
290889
289966
289086
288318
287710
287291
287068
287037
287188
287503
287959
288530
289185
289888
290603
291297
291937
292500
292971
293348
293645
293887
294111
294353
294641
294988
295386
295808
296213
296559
296805
296923
296901
296746
296477
296126
295725
295307
294897
294514
294170
293870
293613
293394
293205
293033
292866
292694
292510
292310
292098
291882
291669
291465
291276
291109
290973
290884
290864
290933
291114
291421
291861
292431
293119
293907
294772
295687
296627
297564
298477
299345
300154
300894
301559
302146
302654
303083
303430
303697
303881
303984
304009
303960
303844
303672
303452
303194
302906
302593
302254
301883
301470
301005
300477
299886
299236
298539
297811
297069
296328
295600
294896
294231
293616
293071
292610
292252
292012
291903
291933
292109
292432
292901
293509
294243
295088
296028
297047
298133
299272
300453
301658
302866
304049
305184
306252
307247
308173
309042
309870
310674
311468
312264
313069
313891
314732
315590
316452
317294
318074
318735
319214
319457
319435
319158
318675
318060
317395
316752
316184
315719
315366
315118
314954
314846
314762
314671
314544
314364
314122
313823
313477
313105
312731
312379
312074
311835
311680
311617
311647
311761
311939
312153
312370
312554
312670
312691
312594
312370
312017
311545
310973
310327
309643
308961
308324
307776
307356
307095
307012
307107
307362
307736
308168
308581
308894
309037
308970
308689
308225
307630
306962
306268
305576
304896
304220
303528
302795
301998
301120
300153
299105
297995
296854
295718
294632
293636
292768
292058
291527
291187
291041
291083
291300
291672
292177
292786
293474
294215
294985
295765
296538
297289
298004
298673
299286
299840
300336
300778
301175
301530
301847
302119
302335
302474
302508
302407
302142
301689
301040
300208
299223
298133
296992
295857
294783
293817
292998
292359
291922
291702
291699
291908
292309
292878
293581
294383
295247
296138
297024
297881
298689
299436
300116
300729
301279
301773
302223
302644
303050
303460
303887
304345
304846
305401
306022
306720
307508
308399
309407
310544
311820
313243
314810
316512
318328
320218
322131
323999
325747
327298
328584
329556
330194
330500
330507
330264
329830
329272
328655
328032
327446
326919
326451
326022
325598
325138
324605
323973
323234
322396
321482
320527
319574
318667
317852
317167
316642
316292
316120
316114
316252
316503
316836
317214
317601
317959
318251
318446
318523
318481
318336
318115
317852
317573
317294
317019
316747
316474
316199
315930
315678
315461
315297
315201
315179
315229
315336
315475
315616
315734
315811
315848
315863
315886
315951
316081
316286
316559
316881
317229
317591
317969
318373
318816
319305
319840
320410
320996
321579
322137
322655
323122
323533
323890
324198
324461
324682
324859
324984
325047
325034
324935
324741
324446
324049
323546
322936
322212
321371
320410
319335
318163
316924
315664
314433
313285
312264
311402
310715
310201
309841
309602
309440
309305
309142
308905
308557
308079
307469
306748
305951
305121
304305
303546
302879
302329
301911
301636
301509
301536
301723
302070
302579
303241
304042
304957
305955
306999
308046
309056
309988
310806
311481
311989
312316
312455
312406
312180
311792
311268
310636
309926
309170
308400
307649
306946
306316
305777
305341
305010
304777
304631
304559
304546
304577
304639
304719
304807
304897
304987
305079
305180
305303
305461
305674
305963
306358
306895
307616
308563
309766
311236
312961
314900
316996
