-16248.8
-16226.8
-16189.9
-16137.8
-16070.2
-15986.5
-15885.9
-15767.7
-15631
-15474.2
-15296.4
-15096.1
-14871.4
-14620.6
-14341.6
-14031.6
-13688.1
-13307.7
-12886.9
-12421.7
-11907.2
-11338.7
-10710.3
-10015.2
-9246.49
-8395.42
-7452.68
-6407.52
-5247.7
-3959.44
-2527.08
-932.637
844.145
2826.42
5040.48
7516.11
10287.1
13391.4
16871.9
20776
25156
30068.6
35574.1
41734.4
48611.4
56262.7
64738
74073.9
84289.5
95382.3
107326
120071
133541
147641
162251
177231
192425
207666
222781
237605
251983
265782
278892
291225
302719
313334
323052
331876
339823
346927
353231
358787
363646
367860
371479
374546
377102
379180
380809
382017
382828
383268
383365
383150
382655
381915
380965
379841
378573
377193
375727
374201
372639
371060
369488
367939
366432
364979
363589
362265
361005
359797
358627
357473
356313
355128
353899
352619
351286
349911
348510
347108
345728
344395
343132
341959
340893
339952
339151
338505
338023
337711
337571
337595
337768
338068
338466
338925
339405
339863
340254
340532
340652
340573
340257
339675
338807
337646
336200
334495
332568
330467
328249
325969
323683
321439
319277
317224
315299
313508
311851
310321
308910
307608
306413
305323
304345
303486
302758
302170
301727
301424
301247
301169
301152
301147
301106
300983
300746
300388
299919
299372
298789
298215
297687
297234
296874
296610
296440
296354
296338
296377
296458
296572
296713
296884
297092
297350
297674
298084
298594
299218
299960
300815
301772
302806
303888
304977
306031
307000
307832
308478
308894
309053
308949
308602
308059
307388
306670
305986
305411
305007
304818
304868
305162
305686
306409
307286
308262
309278
310272
311189
311977
312598
313024
313244
313260
313091
312768
312331
311830
311317
310847
310472
310238
310184
310339
310719
311327
312153
313173
314351
315643
317002
318378
319726
321007
322192
323259
324199
325006
325681
326228
326651
326957
327156
327259
327279
327224
327094
326877
326551
326089
325469
324692
323785
322808
321838
320954
320217
319657
319268
319009
318810
318592
318283
317839
317256
316565
315821
315081
314389
313768
313221
312738
312298
311878
311460
311033
310592
310142
309692
309249
308819
308399
307984
307560
307113
306627
306089
305486
304811
304058
303228
302322
301341
300290
299169
297981
296731
295425
294083
292731
291409
290166
289050
288102
287356
286827
286522
286432
286541
286824
287248
287776
288370
288987
289590
290145
290625
291014
291310
291520
291666
291772
291868
291980
292127
292317
292552
292822
293113
293407
293685
293933
294143
294314
294453
294572
294687
294814
294969
295164
295408
295705
296052
296440
296854
297277
297685
298055
298365
298596
