-13725.2
-13723.7
-13719.1
-13710.6
-13702.4
-13700.4
-13705.1
-13711.5
-13715.7
-13717.2
-13716.7
-13715.1
-13713.5
-13712
-13711.2
-13711
-13711.6
-13712.4
-13713.2
-13714
-13714.5
-13714.5
-13714
-13713.3
-13712.9
-13712.4
-13712.3
-13712.5
-13712.7
-13713.3
-13713.8
-13714.1
-13714.2
-13713.9
-13713.6
-13713.3
-13713.2
-13713.4
-13713.3
-13713
-13712.8
-13712.8
-13712.8
-13713.1
-13713.3
-13713.5
-13713.5
-13713.4
-13713.2
-13713.3
-13713.5
-13713.7
-13713.5
-13713.5
-13713.7
-13713.9
-13714.1
-13713.9
-13713.8
-13713.6
-13713.4
-13713.2
-13713.1
-13713.3
-13713.5
-13713.8
-13713.7
-13713.6
-13713.4
-13713.2
-13713.3
-13713.5
-13713.6
-13713.4
-13713.1
-13712.7
-13712.7
-13712.8
-13713.3
-13713.9
-13714
-13713.8
-13713.4
-13713.2
-13712.8
-13712.8
-13712.9
-13712.9
-13713.1
-13713.4
-13713.5
-13713.6
-13713.5
-13713.7
-13713.7
-13713.3
-13713.1
-13713.1
-13713.3
-13713.8
-13714
-13714
-13713.8
-13713.7
-13713.5
-13713.2
-13712.8
-13713.3
-13713.7
-13714
-13714
-13713.6
-13713.4
-13713.2
-13713.2
-13713.4
-13713.5
-13713.6
-13713.4
-13713.2
-13713.1
-13713.1
-13713.4
-13713.9
-13714.1
-13714.2
-13713.9
-13713.6
-13713.2
-13713.1
-13713.2
-13713.4
-13713.4
-13713.4
-13713.3
-13713.2
-13713.3
-13713.3
-13713.2
-13713.1
-13713.2
-13713.2
-13713.3
-13713.4
-13713.5
-13713.5
-13713.5
-13713.2
-13713.2
-13713.3
-13713.4
-13713.3
-13713.3
-13713.4
-13713.6
-13713.5
-13713.3
-13713.1
-13713.2
-13713.5
-13713.9
-13714
-13714
-13713.7
-13713.5
-13713.4
-13713.3
-13713.3
-13713.2
-13713.3
-13713.7
-13713.8
-13713.6
-13713.6
-13713.5
-13713.4
-13713.5
-13713.7
-13713.7
-13713.6
-13713.4
-13713.3
-13713.5
-13713.7
-13713.7
-13713.8
-13713.6
-13713.7
-13713.8
-13713.7
-13713.6
-13713.3
-13713.3
-13713.1
-13712.9
-13713
-13713.2
-13713.3
-13713.2
-13713.5
-13713.7
-13713.3
-13712.9
-13712.7
-13712.6
-13712.8
-13713.2
-13713.3
-13713.4
-13713.1
-13712.9
-13712.8
-13712.8
-13713.2
-13713.2
-13713.2
-13713.2
-13713.2
-13713
-13712.9
-13713
-13713.2
-13713.3
-13713.4
-13713.4
-13713.3
-13713.3
-13713.2
-13713.3
-13713.3
-13713.1
-13713.2
-13713.2
-13713.3
-13713.2
-13713.1
-13712.8
-13712.8
-13713
-13713.3
-13713.2
-13713.3
-13713.3
-13713.3
-13713.3
-13713.1
-13713.2
-13713.1
-13713.2
-13713.3
-13713.3
-13713.6
-13713.9
-13713.7
-13713.5
-13713.1
-13712.9
-13713.1
-13713.3
-13713.3
-13713.4
-13713.3
-13713.3
-13713.3
-13713.2
-13713.3
-13713.3
-13713.3
-13713.2
-13713
-13712.9
-13713
-13713.3
-13713.4
-13713.6
-13713.5
-13713.4
-13712.9
-13712.8
-13712.9
-13713.2
-13713.3
-13713.4
-13713.3
-13713.4
-13713.7
-13713.8
-13713.7
-13713.5
-13713.6
-13713.7
-13713.8
-13713.8
-13713.8
-13713.7
-13713.8
-13713.9
-13714.1
-13714
-13713.8
-13713.4
-13713.5
-13713.5
-13713.4
-13713.2
-13713.1
-13713.1
-13713.4
-13713.5
-13713.7
-13713.7
-13713.9
-13713.8
-13713.8
-13713.7
-13713.5
-13713.5
-13713.5
-13713.4
-13713.2
-13713.2
-13713.3
-13713.3
-13713.2
-13713.1
-13713
-13713.2
-13713.2
-13713.3
-13713.2
-13713.2
-13713.2
-13713.1
-13713
-13712.9
-13713
-13713.1
-13713.3
-13713.5
-13713.9
-13714
-13713.8
-13713.7
-13713.6
-13713.4
-13713.2
-13713.1
-13713.3
-13713.5
-13713.5
-13713.3
-13713.3
-13713.4
-13713.6
-13713.6
-13713.4
-13713.2
-13712.9
-13712.8
-13713.1
-13713.6
-13714.1
-13714
-13713.8
-13713.8
-13713.6
-13713.4
-13713.1
-13713.1
-13712.9
-13712.8
-13713
-13712.9
-13713.1
-13713.3
-13713.3
-13713.3
-13713.1
-13713.1
-13712.9
-13712.6
-13712.7
-13713.1
-13713.5
-13713.5
-13713.3
-13713.1
-13713.4
-13713.8
-13713.8
-13713.6
-13713.4
-13713.2
-13713
-13713.1
-13713.4
-13713.4
-13713.4
-13713.3
-13713.2
-13713.2
-13713.3
-13713.6
-13713.7
-13713.8
-13713.8
-13713.5
-13713.3
-13713.5
-13713.8
-13713.9
-13713.8
-13713.5
-13713.4
-13713.5
-13713.3
-13713.1
-13713.1
-13713.3
-13713.4
-13713.5
-13713.5
-13713.5
-13713.5
-13713.6
-13713.6
-13713.4
-13713.3
-13713.2
-13713.4
-13713.4
-13713.3
-13713.2
-13713.2
-13713.3
-13713.2
-13713.3
-13713.4
-13713.5
-13713.6
-13713.5
-13713.5
-13713.6
-13713.6
-13713.7
-13713.7
-13713.5
-13713.5
-13713.3
-13713.4
-13713.6
-13713.5
-13713.4
-13713.3
-13713.6
-13713.7
-13713.6
-13713.6
-13713.7
-13713.6
-13713.5
-13713.3
-13713.2
-13713.4
-13714
-13714.2
-13714.1
-13713.9
-13713.6
-13713.5
-13713.5
-13713.5
-13713.6
-13713.9
-13713.7
-13713.6
-13713.8
-13713.7
-13713.6
-13713.4
-13713.2
-13713.2
-13713.4
-13713.4
-13713.5
-13713.5
-13713.3
-13712.7
-13712.4
-13712.6
-13713.5
-13714.2
-13714.6
-13714.4
-13713.8
-13713.2
-13712.5
-13712.2
-13712.4
-13713
-13713.6
-13714
-13713.7
-13713.5
-13712.9
-13712.7
-13712.7
-13713
-13713.1
-13713.2
-13713.3
-13713.6
-13713.7
-13713.8
-13713.9
-13713.7
-13713.3
-13713.1
-13713
-13713.1
-13713.1
-13713.1
-13713
-13713.3
-13713.6
-13713.7
-13713.5
-13713.4
-13713.3
-13713
-13713
-13713.3
-13713.6
-13713.8
-13713.8
-13713.9
-13713.9
-13713.8
-13713.9
-13713.7
-13713.6
-13713.4
-13713.5
-13713.6
-13713.5
-13713.5
-13713.7
-13713.9
-13714
-13714
-13713.6
-13713.4
-13713.4
-13713.4
-13713.5
-13713.3
-13713.2
-13713.2
-13713.2
-13713.5
-13713.6
-13713.6
-13713.3
-13713.3
-13713.1
-13713.1
-13713.1
-13713.1
-13713
-13713.1
-13713.2
-13713.5
-13713.6
-13713.7
-13713.5
-13713.1
-13713
-13713.1
-13713.3
-13713.5
-13713.5
-13713.4
-13713.2
-13713.4
-13713.4
-13713.5
-13713.5
-13713.6
-13713.5
-13713.5
-13713.3
-13713.1
-13713.3
-13713.4
-13713.5
-13713.7
-13713.6
-13713.7
-13713.4
-13713.2
-13713.2
-13713.2
-13712.9
-13712.5
-13712.6
-13712.7
-13712.8
-13713
-13713.1
-13713.2
-13713
-13712.9
-13712.8
-13712.7
-13712.9
-13712.8
-13712.9
-13713
-13713.1
-13713.2
-13713.1
-13712.8
-13712.6
-13712.4
-13712.7
-13713
-13713.2
-13713
-13713
-13712.9
-13712.8
-13712.8
-13713.3
-13713.5
-13713.4
-13713.5
-13713.2
-13713.1
-13713
-13713.1
-13713.2
-13713.1
-13713
-13713
-13713
-13713
-13713
-13713.2
-13713.5
-13713.4
-13713.6
-13713.7
-13713.8
-13713.7
-13713.3
-13712.8
-13712.6
-13712.9
-13713.5
-13713.8
-13713.9
-13713.8
-13713.5
-13713.2
-13713.3
-13713.3
-13713.2
-13713.1
-13713
-13713.2
-13713.2
-13713.2
-13713
-13712.9
-13712.9
-13712.9
-13713
-13713.1
-13713.2
-13713.5
-13713.6
-13713.4
-13713.3
-13712.9
-13712.6
-13712.7
-13713
-13713.5
-13713.9
-13714
-13713.9
-13713.7
-13713.5
-13713.4
-13713.4
-13713.3
-13713.4
-13713.7
-13713.5
-13713.6
-13713.4
-13713.1
-13713.2
-13713.5
-13713.7
-13713.7
-13713.5
-13713.2
-13713.2
-13713.2
-13713.4
-13713.6
-13713.7
-13713.7
-13713.6
-13713.2
-13713
-13713
-13712.9
-13713
-13713.1
-13713.3
-13713.2
-13713.6
-13713.7
-13713.3
-13712.9
-13712.6
-13712.6
-13713
-13713.5
-13714
-13714.1
-13714.1
-13713.7
-13713.4
-13713.2
-13713.2
-13713.5
-13713.5
-13713.8
-13713.9
-13713.8
-13713.7
-13713.7
-13713.5
-13713.3
-13713.4
-13713.6
-13713.7
-13713.7
-13713.7
-13713.6
-13713.7
-13713.8
-13713.5
-13713.4
-13713
-13712.8
-13712.9
-13713.2
-13713.3
-13713.5
-13713.4
-13713.6
-13713.8
-13714
-13714
-13713.7
-13713.5
-13713.1
-13713.1
-13713.1
-13713.5
-13713.7
-13713.8
-13713.8
-13713.7
-13713.5
-13713.4
-13713.4
-13713.5
-13713.5
-13713.6
-13713.7
-13713.7
-13713.9
-13713.8
-13713.5
-13713.1
-13712.9
-13713.2
-13713.7
-13713.9
-13713.9
-13713.5
-13713.2
-13713
-13712.9
-13713.3
-13713.6
-13713.9
-13714
-13713.8
-13713.7
-13713.7
-13713.5
-13713.3
-13713.3
-13713.3
-13713.4
-13713.5
-13713.5
-13713.4
-13713.4
-13713.5
-13713.5
-13713.5
-13713.2
-13713.2
-13713.3
-13713.6
-13713.7
-13713.8
-13713.9
-13713.7
-13713.3
-13713
-13713.1
-13713.1
-13713.2
-13713
-13712.8
-13712.9
-13712.9
-13713
-13712.9
-13713
-13713
-13713
-13713.1
-13713.4
-13713.5
-13713.5
-13713.2
-13713
-13712.8
-13713
-13713
-13713.2
-13713.4
-13713.5
-13713.5
-13713.3
-13713
-13712.9
-13712.7
-13712.6
-13712.7
-13713
-13713.3
-13713.2
-13713.2
-13713
-13712.9
-13712.7
-13712.6
-13712.6
-13713
-13713.3
-13713.5
-13713.2
-13713
-13713.2
-13713.4
-13713.5
-13713.8
-13713.7
-13713.5
-13713.3
-13713.1
-13713.2
-13713.2
-13713.3
-13713.5
-13713.7
-13713.6
-13713.5
-13713.4
-13713.6
-13713.8
-13713.7
-13713.7
-13713.6
-13713.5
-13713.3
-13713.2
-13713.3
-13713.4
-13713.5
-13713.5
-13713.5
-13713.3
-13713.3
-13713.4
-13713.4
-13713.4
-13713
-13712.6
-13712.7
-13713.2
-13713.8
-13714.1
-13714
-13713.4
-13712.9
-13712.6
-13712.7
-13712.7
-13712.8
-13712.9
-13713.1
-13713.1
-13713.1
-13713.3
-13713.2
-13713.2
-13713.1
-13713.1
-13713.3
-13713.4
-13713.3
-13713.3
-13713.5
-13713.6
-13713.7
-13713.7
-13713.8
-13713.9
-13713.9
-13713.8
-13713.6
-13713.6
-13713.6
-13713.5
-13713.5
-13713.3
-13713.2
-13713.3
-13713.2
-13713.4
-13713.6
-13713.6
-13713.6
-13713.3
-13713
-13712.9
-13712.8
-13712.5
-13712.5
-13713.1
-13713.4
-13713.6
-13713.7
-13713.4
-13713.1
-13712.9
-13712.8
-13713
-13713.2
-13713.4
-13713.3
-13712.9
-13712.7
-13712.7
-13712.7
-13713.1
-13713.1
-13713.1
-13713
-13712.9
-13712.9
-13713.2
-13713.2
-13713.2
-13713
-13713
-13713.1
-13713.1
-13713.4
-13713.2
-13713.1
-13713
-13713.2
-13713.2
-13713.2
-13712.8
-13712.5
-13712.3
-13712.6
