           0  0.00000e+00
         0.5  1.58118e-10
           1  1.35308e-10
         1.5  4.59528e-10
           2  1.63391e-09
         2.5  5.26022e-09
           3  1.51179e-08
         3.5  3.95877e-08
           4  9.46498e-08
         4.5  2.07516e-07
           5  4.19685e-07
         5.5  7.87884e-07
           6  1.38136e-06
         6.5  2.27716e-06
           7  3.55701e-06
         7.5  5.26773e-06
           8  7.42573e-06
         8.5  1.00103e-05
           9  1.29643e-05
         9.5  1.62029e-05
          10  1.96269e-05
        10.5  2.31377e-05
          11  2.66482e-05
        11.5  3.00902e-05
          12  3.34159e-05
        12.5  3.65963e-05
          13  3.96172e-05
        13.5  4.24749e-05
          14  4.51723e-05
        14.5  4.77161e-05
          15  5.01142e-05
        15.5  5.23749e-05
          16  5.45062e-05
        16.5  5.65153e-05
          17  5.84090e-05
        17.5  6.01933e-05
          18  6.18736e-05
        18.5  6.34551e-05
          19  6.49425e-05
        19.5  6.63402e-05
          20  6.76524e-05
        20.5  6.88831e-05
          21  7.00362e-05
        21.5  7.11155e-05
          22  7.21245e-05
        22.5  7.30676e-05
          23  7.39450e-05
        23.5  7.47655e-05
          24  7.55270e-05
        24.5  7.62334e-05
          25  7.68883e-05
        25.5  7.74944e-05
          26  7.80544e-05
        26.5  7.85711e-05
          27  7.90469e-05
        27.5  7.94825e-05
          28  7.98838e-05
        28.5  8.02495e-05
          29  8.05826e-05
        29.5  8.08849e-05
          30  8.11583e-05
        30.5  8.14044e-05
          31  8.16248e-05
        31.5  8.18211e-05
          32  8.19948e-05
        32.5  8.21472e-05
          33  8.22796e-05
        33.5  8.23937e-05
          34  8.24901e-05
        34.5  8.25699e-05
          35  8.26342e-05
        35.5  8.26841e-05
          36  8.27206e-05
        36.5  8.27445e-05
          37  8.27572e-05
        37.5  8.27586e-05
          38  8.27500e-05
        38.5  8.27319e-05
          39  8.27052e-05
        39.5  8.26707e-05
          40  8.26285e-05
        40.5  8.25796e-05
          41  8.25245e-05
        41.5  8.24636e-05
          42  8.23978e-05
        42.5  8.23270e-05
          43  8.22521e-05
        43.5  8.21734e-05
          44  8.20913e-05
        44.5  8.20062e-05
          45  8.19184e-05
        45.5  8.18284e-05
          46  8.17365e-05
        46.5  8.16429e-05
          47  8.15481e-05
        47.5  8.14523e-05
          48  8.13558e-05
        48.5  8.12588e-05
          49  8.11616e-05
        49.5  8.10645e-05
          50  8.09676e-05
        50.5  8.08712e-05
          51  8.07755e-05
        51.5  8.06807e-05
          52  8.05869e-05
        52.5  8.04943e-05
          53  8.04032e-05
        53.5  8.03136e-05
          54  8.02257e-05
        54.5  8.01396e-05
          55  8.00556e-05
        55.5  7.99736e-05
          56  7.98938e-05
        56.5  7.98163e-05
          57  7.97412e-05
        57.5  7.96687e-05
          58  7.95988e-05
        58.5  7.95315e-05
          59  7.94670e-05
        59.5  7.94054e-05
          60  7.93466e-05
        60.5  7.92909e-05
          61  7.92381e-05
        61.5  7.91884e-05
          62  7.91419e-05
        62.5  7.90985e-05
          63  7.90583e-05
        63.5  7.90214e-05
          64  7.89878e-05
        64.5  7.89574e-05
          65  7.89304e-05
        65.5  7.89068e-05
          66  7.88865e-05
        66.5  7.88696e-05
          67  7.88561e-05
        67.5  7.88461e-05
          68  7.88395e-05
        68.5  7.88362e-05
          69  7.88364e-05
        69.5  7.88400e-05
          70  7.88471e-05
        70.5  7.88575e-05
          71  7.88713e-05
        71.5  7.88886e-05
          72  7.89093e-05
        72.5  7.89334e-05
          73  7.89607e-05
        73.5  7.89915e-05
          74  7.90256e-05
        74.5  7.90631e-05
          75  7.91037e-05
        75.5  7.91477e-05
          76  7.91950e-05
        76.5  7.92455e-05
          77  7.92992e-05
        77.5  7.93560e-05
          78  7.94160e-05
        78.5  7.94792e-05
          79  7.95454e-05
        79.5  7.96147e-05
          80  7.96870e-05
        80.5  7.97624e-05
          81  7.98407e-05
        81.5  7.99219e-05
          82  8.00061e-05
        82.5  8.00931e-05
          83  8.01830e-05
        83.5  8.02756e-05
          84  8.03710e-05
        84.5  8.04692e-05
          85  8.05700e-05
        85.5  8.06735e-05
          86  8.07796e-05
        86.5  8.08882e-05
          87  8.09992e-05
        87.5  8.11129e-05
          88  8.12290e-05
        88.5  8.13476e-05
          89  8.14685e-05
        89.5  8.15918e-05
          90  8.17172e-05
        90.5  8.18450e-05
          91  8.19751e-05
        91.5  8.21072e-05
          92  8.22415e-05
        92.5  8.23778e-05
          93  8.25162e-05
        93.5  8.26566e-05
          94  8.27990e-05
        94.5  8.29433e-05
          95  8.30893e-05
        95.5  8.32373e-05
          96  8.33870e-05
        96.5  8.35384e-05
          97  8.36915e-05
        97.5  8.38463e-05
          98  8.40027e-05
        98.5  8.41606e-05
          99  8.43200e-05
        99.5  8.44809e-05
         100  8.46433e-05
       100.5  8.48070e-05
         101  8.49720e-05
       101.5  8.51383e-05
         102  8.53058e-05
       102.5  8.54746e-05
         103  8.56445e-05
       103.5  8.58156e-05
         104  8.59875e-05
       104.5  8.61606e-05
         105  8.63347e-05
       105.5  8.65097e-05
         106  8.66855e-05
       106.5  8.68621e-05
         107  8.70396e-05
       107.5  8.72178e-05
         108  8.73967e-05
       108.5  8.75762e-05
         109  8.77563e-05
       109.5  8.79370e-05
         110  8.81182e-05
       110.5  8.82999e-05
         111  8.84819e-05
       111.5  8.86644e-05
         112  8.88470e-05
       112.5  8.90301e-05
         113  8.92134e-05
       113.5  8.93968e-05
         114  8.95804e-05
       114.5  8.97641e-05
         115  8.99477e-05
       115.5  9.01315e-05
         116  9.03152e-05
       116.5  9.04987e-05
         117  9.06822e-05
       117.5  9.08654e-05
         118  9.10485e-05
       118.5  9.12311e-05
         119  9.14135e-05
       119.5  9.15955e-05
         120  9.17771e-05
       120.5  9.19582e-05
         121  9.21389e-05
       121.5  9.23189e-05
         122  9.24984e-05
       122.5  9.26772e-05
         123  9.28551e-05
       123.5  9.30324e-05
         124  9.32090e-05
       124.5  9.33847e-05
         125  9.35595e-05
       125.5  9.37334e-05
         126  9.39062e-05
       126.5  9.40781e-05
         127  9.42489e-05
       127.5  9.44185e-05
         128  9.45870e-05
       128.5  9.47540e-05
         129  9.49200e-05
       129.5  9.50847e-05
         130  9.52480e-05
       130.5  9.54099e-05
         131  9.55704e-05
       131.5  9.57293e-05
         132  9.58868e-05
       132.5  9.60426e-05
         133  9.61967e-05
       133.5  9.63492e-05
         134  9.65000e-05
       134.5  9.66489e-05
         135  9.67961e-05
       135.5  9.69413e-05
         136  9.70847e-05
       136.5  9.72258e-05
         137  9.73651e-05
       137.5  9.75024e-05
         138  9.76376e-05
       138.5  9.77706e-05
         139  9.79014e-05
       139.5  9.80300e-05
         140  9.81563e-05
       140.5  9.82803e-05
         141  9.84018e-05
       141.5  9.85209e-05
         142  9.86376e-05
       142.5  9.87517e-05
         143  9.88633e-05
       143.5  9.89722e-05
         144  9.90785e-05
       144.5  9.91820e-05
         145  9.92828e-05
       145.5  9.93809e-05
         146  9.94760e-05
       146.5  9.95683e-05
         147  9.96577e-05
       147.5  9.97440e-05
         148  9.98274e-05
       148.5  9.99077e-05
         149  9.99848e-05
       149.5  1.00059e-04
         150  1.00129e-04
       150.5  1.00197e-04
         151  1.00261e-04
       151.5  1.00322e-04
         152  1.00379e-04
       152.5  1.00433e-04
         153  1.00484e-04
       153.5  1.00531e-04
         154  1.00575e-04
       154.5  1.00615e-04
         155  1.00651e-04
       155.5  1.00684e-04
         156  1.00713e-04
       156.5  1.00738e-04
         157  1.00759e-04
       157.5  1.00777e-04
         158  1.00791e-04
       158.5  1.00800e-04
         159  1.00806e-04
       159.5  1.00808e-04
         160  1.00805e-04
       160.5  1.00799e-04
         161  1.00788e-04
       161.5  1.00774e-04
         162  1.00755e-04
       162.5  1.00732e-04
         163  1.00704e-04
       163.5  1.00672e-04
         164  1.00636e-04
       164.5  1.00596e-04
         165  1.00550e-04
       165.5  1.00501e-04
         166  1.00447e-04
       166.5  1.00388e-04
         167  1.00325e-04
       167.5  1.00257e-04
         168  1.00185e-04
       168.5  1.00108e-04
         169  1.00026e-04
       169.5  9.99396e-05
         170  9.98483e-05
       170.5  9.97521e-05
         171  9.96511e-05
       171.5  9.95452e-05
         172  9.94344e-05
       172.5  9.93187e-05
         173  9.91980e-05
       173.5  9.90722e-05
         174  9.89415e-05
       174.5  9.88057e-05
         175  9.86648e-05
       175.5  9.85188e-05
         176  9.83677e-05
       176.5  9.82112e-05
         177  9.80496e-05
       177.5  9.78828e-05
         178  9.77109e-05
       178.5  9.75336e-05
         179  9.73511e-05
       179.5  9.71632e-05
         180  9.69701e-05
       180.5  9.67715e-05
         181  9.65677e-05
       181.5  9.63584e-05
         182  9.61437e-05
       182.5  9.59236e-05
         183  9.56981e-05
       183.5  9.54671e-05
         184  9.52306e-05
       184.5  9.49887e-05
         185  9.47412e-05
       185.5  9.44883e-05
         186  9.42298e-05
       186.5  9.39658e-05
         187  9.36962e-05
       187.5  9.34211e-05
         188  9.31404e-05
       188.5  9.28542e-05
         189  9.25624e-05
       189.5  9.22650e-05
         190  9.19621e-05
       190.5  9.16536e-05
         191  9.13396e-05
       191.5  9.10199e-05
         192  9.06947e-05
       192.5  9.03639e-05
         193  9.00276e-05
       193.5  8.96856e-05
         194  8.93382e-05
       194.5  8.89851e-05
         195  8.86266e-05
       195.5  8.82625e-05
         196  8.78929e-05
       196.5  8.75178e-05
         197  8.71372e-05
       197.5  8.67511e-05
         198  8.63595e-05
       198.5  8.59625e-05
         199  8.55601e-05
       199.5  8.51523e-05
         200  8.47391e-05
       200.5  8.43206e-05
         201  8.38967e-05
       201.5  8.34675e-05
         202  8.30331e-05
       202.5  8.25934e-05
         203  8.21485e-05
       203.5  8.16985e-05
         204  8.12433e-05
       204.5  8.07830e-05
         205  8.03177e-05
       205.5  7.98473e-05
         206  7.93720e-05
       206.5  7.88917e-05
         207  7.84065e-05
       207.5  7.79165e-05
         208  7.74216e-05
       208.5  7.69222e-05
         209  7.64179e-05
       209.5  7.59091e-05
         210  7.53957e-05
       210.5  7.48777e-05
         211  7.43553e-05
       211.5  7.38286e-05
         212  7.32975e-05
       212.5  7.27621e-05
         213  7.22226e-05
       213.5  7.16790e-05
         214  7.11313e-05
       214.5  7.05797e-05
         215  7.00241e-05
       215.5  6.94648e-05
         216  6.89017e-05
       216.5  6.83350e-05
         217  6.77645e-05
       217.5  6.71911e-05
         218  6.66140e-05
       218.5  6.60336e-05
         219  6.54500e-05
       219.5  6.48634e-05
         220  6.42737e-05
       220.5  6.36812e-05
         221  6.30859e-05
       221.5  6.24879e-05
         222  6.18873e-05
       222.5  6.12843e-05
         223  6.06789e-05
       223.5  6.00712e-05
         224  5.94615e-05
       224.5  5.88496e-05
         225  5.82358e-05
       225.5  5.76207e-05
         226  5.70036e-05
       226.5  5.63851e-05
         227  5.57651e-05
       227.5  5.51439e-05
         228  5.45216e-05
       228.5  5.38983e-05
         229  5.32741e-05
       229.5  5.26492e-05
         230  5.20237e-05
       230.5  5.13977e-05
         231  5.07715e-05
       231.5  5.01450e-05
         232  4.95185e-05
       232.5  4.88920e-05
         233  4.82652e-05
       233.5  4.76407e-05
         234  4.70156e-05
       234.5  4.63912e-05
         235  4.57677e-05
       235.5  4.51452e-05
         236  4.45239e-05
       236.5  4.39038e-05
         237  4.32852e-05
       237.5  4.26683e-05
         238  4.20530e-05
       238.5  4.14397e-05
         239  4.08283e-05
       239.5  4.02190e-05
         240  3.96128e-05
       240.5  3.90086e-05
         241  3.84071e-05
       241.5  3.78084e-05
         242  3.72126e-05
       242.5  3.66199e-05
         243  3.60305e-05
       243.5  3.54444e-05
         244  3.48618e-05
       244.5  3.42829e-05
         245  3.37078e-05
       245.5  3.31365e-05
         246  3.25692e-05
       246.5  3.20059e-05
         247  3.14478e-05
       247.5  3.08936e-05
         248  3.03440e-05
       248.5  2.97990e-05
         249  2.92588e-05
       249.5  2.87235e-05
         250  2.81931e-05
       250.5  2.76679e-05
         251  2.71479e-05
       251.5  2.66332e-05
         252  2.61238e-05
       252.5  2.56199e-05
         253  2.51214e-05
       253.5  2.46281e-05
         254  2.41421e-05
       254.5  2.36611e-05
         255  2.31858e-05
       255.5  2.27165e-05
         256  2.22531e-05
       256.5  2.17957e-05
         257  2.13445e-05
       257.5  2.08993e-05
         258  2.04602e-05
       258.5  2.00274e-05
         259  1.96008e-05
       259.5  1.91803e-05
         260  1.87661e-05
       260.5  1.83578e-05
         261  1.79569e-05
       261.5  1.75617e-05
         262  1.71727e-05
       262.5  1.67901e-05
         263  1.64137e-05
       263.5  1.60436e-05
         264  1.56797e-05
       264.5  1.53221e-05
         265  1.49708e-05
       265.5  1.46256e-05
         266  1.42865e-05
       266.5  1.39537e-05
         267  1.36268e-05
       267.5  1.33061e-05
         268  1.29913e-05
       268.5  1.26824e-05
         269  1.23790e-05
       269.5  1.20827e-05
         270  1.17917e-05
       270.5  1.15063e-05
         271  1.12267e-05
       271.5  1.09526e-05
         272  1.06842e-05
       272.5  1.04212e-05
         273  1.01637e-05
       273.5  9.91164e-06
         274  9.66486e-06
       274.5  9.42333e-06
         275  9.18699e-06
       275.5  8.95575e-06
         276  8.72956e-06
       276.5  8.50833e-06
         277  8.29200e-06
       277.5  8.08048e-06
         278  7.87372e-06
       278.5  7.67163e-06
         279  7.47414e-06
       279.5  7.28118e-06
         280  7.09267e-06
       280.5  6.90856e-06
         281  6.72877e-06
       281.5  6.55270e-06
         282  6.38160e-06
       282.5  6.21423e-06
         283  6.05089e-06
       283.5  5.89146e-06
         284  5.73592e-06
       284.5  5.58416e-06
         285  5.43613e-06
       285.5  5.29175e-06
         286  5.15096e-06
       286.5  5.01368e-06
         287  4.87986e-06
       287.5  4.74942e-06
         288  4.62230e-06
       288.5  4.49844e-06
         289  4.37776e-06
       289.5  4.26021e-06
         290  4.14572e-06
       290.5  4.03423e-06
         291  3.92568e-06
       291.5  3.82001e-06
         292  3.71717e-06
       292.5  3.61708e-06
         293  3.51970e-06
       293.5  3.42496e-06
         294  3.33282e-06
       294.5  3.24321e-06
         295  3.15609e-06
       295.5  3.07140e-06
         296  2.98908e-06
       296.5  2.90908e-06
         297  2.83136e-06
       297.5  2.75586e-06
         298  2.68254e-06
       298.5  2.61133e-06
         299  2.54221e-06
       299.5  2.47511e-06
         300  2.40999e-06
