           0  9.97681e-01
         0.5  9.97285e-01
           1  9.96574e-01
         1.5  9.95633e-01
           2  9.94415e-01
         2.5  9.92980e-01
           3  9.91259e-01
         3.5  9.89217e-01
           4  9.86821e-01
         4.5  9.84030e-01
           5  9.80797e-01
         5.5  9.77068e-01
           6  9.72785e-01
         6.5  9.67835e-01
           7  9.62162e-01
         7.5  9.55717e-01
           8  9.48436e-01
         8.5  9.40265e-01
           9  9.31163e-01
         9.5  9.21114e-01
          10  9.10128e-01
        10.5  8.98242e-01
          11  8.85515e-01
        11.5  8.72026e-01
          12  8.57864e-01
        12.5  8.43124e-01
          13  8.27900e-01
        13.5  8.12283e-01
          14  7.96358e-01
        14.5  7.80202e-01
          15  7.63884e-01
        15.5  7.47467e-01
          16  7.31007e-01
        16.5  7.14553e-01
          17  6.98149e-01
        17.5  6.81833e-01
          18  6.65640e-01
        18.5  6.49600e-01
          19  6.33739e-01
        19.5  6.18081e-01
          20  6.02647e-01
        20.5  5.87454e-01
          21  5.72519e-01
        21.5  5.57853e-01
          22  5.43468e-01
        22.5  5.29374e-01
          23  5.15577e-01
        23.5  5.02083e-01
          24  4.88900e-01
        24.5  4.76028e-01
          25  4.63468e-01
        25.5  4.51221e-01
          26  4.39287e-01
        26.5  4.27665e-01
          27  4.16354e-01
        27.5  4.05351e-01
          28  3.94653e-01
        28.5  3.84258e-01
          29  3.74160e-01
        29.5  3.64356e-01
          30  3.54841e-01
        30.5  3.45610e-01
          31  3.36658e-01
        31.5  3.27978e-01
          32  3.19566e-01
        32.5  3.11414e-01
          33  3.03518e-01
        33.5  2.95871e-01
          34  2.88468e-01
        34.5  2.81301e-01
          35  2.74365e-01
        35.5  2.67653e-01
          36  2.61160e-01
        36.5  2.54879e-01
          37  2.48804e-01
        37.5  2.42929e-01
          38  2.37249e-01
        38.5  2.31758e-01
          39  2.26449e-01
        39.5  2.21318e-01
          40  2.16359e-01
        40.5  2.11567e-01
          41  2.06936e-01
        41.5  2.02461e-01
          42  1.98138e-01
        42.5  1.93961e-01
          43  1.89926e-01
        43.5  1.86028e-01
          44  1.82263e-01
        44.5  1.78627e-01
          45  1.75115e-01
        45.5  1.71724e-01
          46  1.68448e-01
        46.5  1.65286e-01
          47  1.62232e-01
        47.5  1.59283e-01
          48  1.56437e-01
        48.5  1.53689e-01
          49  1.51036e-01
        49.5  1.48475e-01
          50  1.46004e-01
        50.5  1.43619e-01
          51  1.41317e-01
        51.5  1.39096e-01
          52  1.36953e-01
        52.5  1.34886e-01
          53  1.32892e-01
        53.5  1.30969e-01
          54  1.29115e-01
        54.5  1.27327e-01
          55  1.25603e-01
        55.5  1.23942e-01
          56  1.22341e-01
        56.5  1.20799e-01
          57  1.19313e-01
        57.5  1.17882e-01
          58  1.16505e-01
        58.5  1.15180e-01
          59  1.13904e-01
        59.5  1.12678e-01
          60  1.11498e-01
        60.5  1.10365e-01
          61  1.09276e-01
        61.5  1.08230e-01
          62  1.07227e-01
        62.5  1.06264e-01
          63  1.05341e-01
        63.5  1.04457e-01
          64  1.03610e-01
        64.5  1.02800e-01
          65  1.02026e-01
        65.5  1.01286e-01
          66  1.00580e-01
        66.5  9.99074e-02
          67  9.92666e-02
        67.5  9.86572e-02
          68  9.80782e-02
        68.5  9.75292e-02
          69  9.70092e-02
        69.5  9.65178e-02
          70  9.60541e-02
        70.5  9.56176e-02
          71  9.52076e-02
        71.5  9.48237e-02
          72  9.44652e-02
        72.5  9.41316e-02
          73  9.38224e-02
        73.5  9.35371e-02
          74  9.32753e-02
        74.5  9.30365e-02
          75  9.28202e-02
        75.5  9.26261e-02
          76  9.24537e-02
        76.5  9.23027e-02
          77  9.21728e-02
        77.5  9.20634e-02
          78  9.19744e-02
        78.5  9.19054e-02
          79  9.18561e-02
        79.5  9.18262e-02
          80  9.18154e-02
        80.5  9.18235e-02
          81  9.18502e-02
        81.5  9.18952e-02
          82  9.19584e-02
        82.5  9.20394e-02
          83  9.21381e-02
        83.5  9.22543e-02
          84  9.23878e-02
        84.5  9.25385e-02
          85  9.27060e-02
        85.5  9.28903e-02
          86  9.30912e-02
        86.5  9.33086e-02
          87  9.35422e-02
        87.5  9.37921e-02
          88  9.40580e-02
        88.5  9.43398e-02
          89  9.46375e-02
        89.5  9.49509e-02
          90  9.52798e-02
        90.5  9.56243e-02
          91  9.59842e-02
        91.5  9.63595e-02
          92  9.67500e-02
        92.5  9.71558e-02
          93  9.75766e-02
        93.5  9.80125e-02
          94  9.84635e-02
        94.5  9.89294e-02
          95  9.94101e-02
        95.5  9.99058e-02
          96  1.00416e-01
        96.5  1.00942e-01
          97  1.01482e-01
        97.5  1.02036e-01
          98  1.02606e-01
        98.5  1.03190e-01
          99  1.03789e-01
        99.5  1.04402e-01
         100  1.05030e-01
       100.5  1.05673e-01
         101  1.06331e-01
       101.5  1.07003e-01
         102  1.07689e-01
       102.5  1.08391e-01
         103  1.09107e-01
       103.5  1.09837e-01
         104  1.10582e-01
       104.5  1.11342e-01
         105  1.12117e-01
       105.5  1.12906e-01
         106  1.13711e-01
       106.5  1.14529e-01
         107  1.15363e-01
       107.5  1.16211e-01
         108  1.17075e-01
       108.5  1.17953e-01
         109  1.18846e-01
       109.5  1.19754e-01
         110  1.20677e-01
       110.5  1.21615e-01
         111  1.22568e-01
       111.5  1.23536e-01
         112  1.24519e-01
       112.5  1.25517e-01
         113  1.26531e-01
       113.5  1.27559e-01
         114  1.28603e-01
       114.5  1.29663e-01
         115  1.30738e-01
       115.5  1.31828e-01
         116  1.32933e-01
       116.5  1.34054e-01
         117  1.35191e-01
       117.5  1.36343e-01
         118  1.37511e-01
       118.5  1.38695e-01
         119  1.39895e-01
       119.5  1.41110e-01
         120  1.42341e-01
       120.5  1.43588e-01
         121  1.44851e-01
       121.5  1.46131e-01
         122  1.47426e-01
       122.5  1.48737e-01
         123  1.50065e-01
       123.5  1.51409e-01
         124  1.52769e-01
       124.5  1.54145e-01
         125  1.55538e-01
       125.5  1.56948e-01
         126  1.58374e-01
       126.5  1.59816e-01
         127  1.61275e-01
       127.5  1.62751e-01
         128  1.64244e-01
       128.5  1.65753e-01
         129  1.67280e-01
       129.5  1.68823e-01
         130  1.70383e-01
       130.5  1.71960e-01
         131  1.73554e-01
       131.5  1.75166e-01
         132  1.76794e-01
       132.5  1.78440e-01
         133  1.80103e-01
       133.5  1.81783e-01
         134  1.83481e-01
       134.5  1.85196e-01
         135  1.86929e-01
       135.5  1.88679e-01
         136  1.90447e-01
       136.5  1.92232e-01
         137  1.94035e-01
       137.5  1.95855e-01
         138  1.97694e-01
       138.5  1.99550e-01
         139  2.01424e-01
       139.5  2.03316e-01
         140  2.05225e-01
       140.5  2.07153e-01
         141  2.09098e-01
       141.5  2.11062e-01
         142  2.13044e-01
       142.5  2.15043e-01
         143  2.17061e-01
       143.5  2.19097e-01
         144  2.21151e-01
       144.5  2.23223e-01
         145  2.25314e-01
       145.5  2.27423e-01
         146  2.29550e-01
       146.5  2.31695e-01
         147  2.33858e-01
       147.5  2.36040e-01
         148  2.38241e-01
       148.5  2.40459e-01
         149  2.42696e-01
       149.5  2.44951e-01
         150  2.47225e-01
       150.5  2.49517e-01
         151  2.51828e-01
       151.5  2.54157e-01
         152  2.56504e-01
       152.5  2.58870e-01
         153  2.61254e-01
       153.5  2.63656e-01
         154  2.66077e-01
       154.5  2.68517e-01
         155  2.70974e-01
       155.5  2.73451e-01
         156  2.75945e-01
       156.5  2.78458e-01
         157  2.80989e-01
       157.5  2.83539e-01
         158  2.86106e-01
       158.5  2.88692e-01
         159  2.91296e-01
       159.5  2.93919e-01
         160  2.96560e-01
       160.5  2.99218e-01
         161  3.01895e-01
       161.5  3.04590e-01
         162  3.07303e-01
       162.5  3.10034e-01
         163  3.12783e-01
       163.5  3.15549e-01
         164  3.18334e-01
       164.5  3.21136e-01
         165  3.23956e-01
       165.5  3.26794e-01
         166  3.29649e-01
       166.5  3.32522e-01
         167  3.35412e-01
       167.5  3.38319e-01
         168  3.41244e-01
       168.5  3.44186e-01
         169  3.47145e-01
       169.5  3.50122e-01
         170  3.53115e-01
       170.5  3.56125e-01
         171  3.59152e-01
       171.5  3.62195e-01
         172  3.65255e-01
       172.5  3.68332e-01
         173  3.71425e-01
       173.5  3.74534e-01
         174  3.77659e-01
       174.5  3.80801e-01
         175  3.83958e-01
       175.5  3.87131e-01
         176  3.90320e-01
       176.5  3.93524e-01
         177  3.96743e-01
       177.5  3.99978e-01
         178  4.03228e-01
       178.5  4.06493e-01
         179  4.09773e-01
       179.5  4.13067e-01
         180  4.16375e-01
       180.5  4.19698e-01
         181  4.23036e-01
       181.5  4.26387e-01
         182  4.29752e-01
       182.5  4.33130e-01
         183  4.36522e-01
       183.5  4.39928e-01
         184  4.43346e-01
       184.5  4.46777e-01
         185  4.50221e-01
       185.5  4.53677e-01
         186  4.57146e-01
       186.5  4.60627e-01
         187  4.64119e-01
       187.5  4.67623e-01
         188  4.71139e-01
       188.5  4.74665e-01
         189  4.78203e-01
       189.5  4.81751e-01
         190  4.85310e-01
       190.5  4.88879e-01
         191  4.92458e-01
       191.5  4.96046e-01
         192  4.99644e-01
       192.5  5.03251e-01
         193  5.06867e-01
       193.5  5.10492e-01
         194  5.14125e-01
       194.5  5.17766e-01
         195  5.21415e-01
       195.5  5.25072e-01
         196  5.28735e-01
       196.5  5.32406e-01
         197  5.36083e-01
       197.5  5.39766e-01
         198  5.43455e-01
       198.5  5.47150e-01
         199  5.50850e-01
       199.5  5.54556e-01
         200  5.58266e-01
       200.5  5.61980e-01
         201  5.65698e-01
       201.5  5.69420e-01
         202  5.73145e-01
       202.5  5.76873e-01
         203  5.80604e-01
       203.5  5.84336e-01
         204  5.88071e-01
       204.5  5.91807e-01
         205  5.95544e-01
       205.5  5.99282e-01
         206  6.03020e-01
       206.5  6.06758e-01
         207  6.10496e-01
       207.5  6.14233e-01
         208  6.17968e-01
       208.5  6.21702e-01
         209  6.25434e-01
       209.5  6.29163e-01
         210  6.32889e-01
       210.5  6.36612e-01
         211  6.40331e-01
       211.5  6.44046e-01
         212  6.47756e-01
       212.5  6.51461e-01
         213  6.55161e-01
       213.5  6.58855e-01
         214  6.62542e-01
       214.5  6.66222e-01
         215  6.69895e-01
       215.5  6.73561e-01
         216  6.77218e-01
       216.5  6.80866e-01
         217  6.84505e-01
       217.5  6.88135e-01
         218  6.91754e-01
       218.5  6.95363e-01
         219  6.98961e-01
       219.5  7.02547e-01
         220  7.06122e-01
       220.5  7.09684e-01
         221  7.13233e-01
       221.5  7.16768e-01
         222  7.20290e-01
       222.5  7.23797e-01
         223  7.27290e-01
       223.5  7.30767e-01
         224  7.34228e-01
       224.5  7.37673e-01
         225  7.41101e-01
       225.5  7.44512e-01
         226  7.47905e-01
       226.5  7.51281e-01
         227  7.54637e-01
       227.5  7.57974e-01
         228  7.61292e-01
       228.5  7.64590e-01
         229  7.67867e-01
       229.5  7.71123e-01
         230  7.74358e-01
       230.5  7.77571e-01
         231  7.80761e-01
       231.5  7.83929e-01
         232  7.87074e-01
       232.5  7.90195e-01
         233  7.93292e-01
       233.5  7.96364e-01
         234  7.99412e-01
       234.5  8.02434e-01
         235  8.05431e-01
       235.5  8.08402e-01
         236  8.11346e-01
       236.5  8.14264e-01
         237  8.17154e-01
       237.5  8.20017e-01
         238  8.22852e-01
       238.5  8.25659e-01
         239  8.28437e-01
       239.5  8.31187e-01
         240  8.33907e-01
       240.5  8.36599e-01
         241  8.39260e-01
       241.5  8.41892e-01
         242  8.44493e-01
       242.5  8.47064e-01
         243  8.49605e-01
       243.5  8.52114e-01
         244  8.54593e-01
       244.5  8.57040e-01
         245  8.59457e-01
       245.5  8.61841e-01
         246  8.64194e-01
       246.5  8.66516e-01
         247  8.68805e-01
       247.5  8.71062e-01
         248  8.73288e-01
       248.5  8.75481e-01
         249  8.77643e-01
       249.5  8.79772e-01
         250  8.81869e-01
       250.5  8.83934e-01
         251  8.85967e-01
       251.5  8.87968e-01
         252  8.89936e-01
       252.5  8.91873e-01
         253  8.93778e-01
       253.5  8.95652e-01
         254  8.97494e-01
       254.5  8.99304e-01
         255  9.01083e-01
       255.5  9.02831e-01
         256  9.04548e-01
       256.5  9.06234e-01
         257  9.07889e-01
       257.5  9.09515e-01
         258  9.11110e-01
       258.5  9.12675e-01
         259  9.14211e-01
       259.5  9.15717e-01
         260  9.17194e-01
       260.5  9.18643e-01
         261  9.20063e-01
       261.5  9.21455e-01
         262  9.22819e-01
       262.5  9.24156e-01
         263  9.25466e-01
       263.5  9.26749e-01
         264  9.28006e-01
       264.5  9.29236e-01
         265  9.30441e-01
       265.5  9.31621e-01
         266  9.32775e-01
       266.5  9.33905e-01
         267  9.35011e-01
       267.5  9.36094e-01
         268  9.37153e-01
       268.5  9.38189e-01
         269  9.39202e-01
       269.5  9.40193e-01
         270  9.41163e-01
       270.5  9.42111e-01
         271  9.43038e-01
       271.5  9.43945e-01
         272  9.44831e-01
       272.5  9.45698e-01
         273  9.46546e-01
       273.5  9.47374e-01
         274  9.48184e-01
       274.5  9.48976e-01
         275  9.49750e-01
       275.5  9.50506e-01
         276  9.51246e-01
       276.5  9.51969e-01
         277  9.52676e-01
       277.5  9.53366e-01
         278  9.54041e-01
       278.5  9.54701e-01
         279  9.55346e-01
       279.5  9.55977e-01
         280  9.56593e-01
       280.5  9.57195e-01
         281  9.57784e-01
       281.5  9.58360e-01
         282  9.58923e-01
       282.5  9.59473e-01
         283  9.60011e-01
       283.5  9.60537e-01
         284  9.61051e-01
       284.5  9.61554e-01
         285  9.62045e-01
       285.5  9.62526e-01
         286  9.62996e-01
       286.5  9.63455e-01
         287  9.63905e-01
       287.5  9.64345e-01
         288  9.64775e-01
       288.5  9.65195e-01
         289  9.65607e-01
       289.5  9.66009e-01
         290  9.66402e-01
       290.5  9.66788e-01
         291  9.67164e-01
       291.5  9.67533e-01
         292  9.67893e-01
       292.5  9.68246e-01
         293  9.68591e-01
       293.5  9.68929e-01
         294  9.69259e-01
       294.5  9.69582e-01
         295  9.69899e-01
       295.5  9.70208e-01
         296  9.70511e-01
       296.5  9.70807e-01
         297  9.71097e-01
       297.5  9.71381e-01
         298  9.71658e-01
       298.5  9.71930e-01
         299  9.72195e-01
       299.5  9.72455e-01
         300  9.72709e-01
