           0  0.00000e+00
         0.5  9.81058e-11
           1  1.38577e-10
         1.5  4.86653e-10
           2  1.77461e-09
         2.5  5.84401e-09
           3  1.71347e-08
         3.5  4.57035e-08
           4  1.11140e-07
         4.5  2.47522e-07
           5  5.07965e-07
         5.5  9.66709e-07
           6  1.71643e-06
         6.5  2.86533e-06
           7  4.52440e-06
         7.5  6.76188e-06
           8  9.60420e-06
         8.5  1.30240e-05
           9  1.69397e-05
         9.5  2.12276e-05
          10  2.57407e-05
        10.5  3.03322e-05
          11  3.48727e-05
        11.5  3.92617e-05
          12  4.34313e-05
        12.5  4.73430e-05
          13  5.09823e-05
        13.5  5.43510e-05
          14  5.74612e-05
        14.5  6.03297e-05
          15  6.29757e-05
        15.5  6.54171e-05
          16  6.76709e-05
        16.5  6.97524e-05
          17  7.16746e-05
        17.5  7.34493e-05
          18  7.50870e-05
        18.5  7.65967e-05
          19  7.79867e-05
        19.5  7.92644e-05
          20  8.04367e-05
        20.5  8.15101e-05
          21  8.24906e-05
        21.5  8.33839e-05
          22  8.41954e-05
        22.5  8.49301e-05
          23  8.55925e-05
        23.5  8.61884e-05
          24  8.67205e-05
        24.5  8.71936e-05
          25  8.76117e-05
        25.5  8.79785e-05
          26  8.82974e-05
        26.5  8.85718e-05
          27  8.88049e-05
        27.5  8.89978e-05
          28  8.91571e-05
        28.5  8.92825e-05
          29  8.93770e-05
        29.5  8.94429e-05
          30  8.94824e-05
        30.5  8.94977e-05
          31  8.94905e-05
        31.5  8.94628e-05
          32  8.94162e-05
        32.5  8.93523e-05
          33  8.92726e-05
        33.5  8.91783e-05
          34  8.90712e-05
        34.5  8.89519e-05
          35  8.88216e-05
        35.5  8.86814e-05
          36  8.85323e-05
        36.5  8.83752e-05
          37  8.82114e-05
        37.5  8.80411e-05
          38  8.78652e-05
        38.5  8.76844e-05
          39  8.74994e-05
        39.5  8.73109e-05
          40  8.71192e-05
        40.5  8.69251e-05
          41  8.67288e-05
        41.5  8.65309e-05
          42  8.63321e-05
        42.5  8.61324e-05
          43  8.59323e-05
        43.5  8.57322e-05
          44  8.55324e-05
        44.5  8.53332e-05
          45  8.51349e-05
        45.5  8.49377e-05
          46  8.47418e-05
        46.5  8.45476e-05
          47  8.43553e-05
        47.5  8.41650e-05
          48  8.39769e-05
        48.5  8.37911e-05
          49  8.36080e-05
        49.5  8.34276e-05
          50  8.32500e-05
        50.5  8.30754e-05
          51  8.29039e-05
        51.5  8.27357e-05
          52  8.25708e-05
        52.5  8.24093e-05
          53  8.22513e-05
        53.5  8.20969e-05
          54  8.19462e-05
        54.5  8.17992e-05
          55  8.16560e-05
        55.5  8.15167e-05
          56  8.13814e-05
        56.5  8.12499e-05
          57  8.11225e-05
        57.5  8.09992e-05
          58  8.08799e-05
        58.5  8.07647e-05
          59  8.06537e-05
        59.5  8.05469e-05
          60  8.04442e-05
        60.5  8.03457e-05
          61  8.02514e-05
        61.5  8.01613e-05
          62  8.00754e-05
        62.5  7.99938e-05
          63  7.99164e-05
        63.5  7.98432e-05
          64  7.97742e-05
        64.5  7.97095e-05
          65  7.96489e-05
        65.5  7.95926e-05
          66  7.95404e-05
        66.5  7.94923e-05
          67  7.94485e-05
        67.5  7.94087e-05
          68  7.93732e-05
        68.5  7.93416e-05
          69  7.93141e-05
        69.5  7.92905e-05
          70  7.92711e-05
        70.5  7.92556e-05
          71  7.92439e-05
        71.5  7.92363e-05
          72  7.92326e-05
        72.5  7.92328e-05
          73  7.92366e-05
        73.5  7.92444e-05
          74  7.92559e-05
        74.5  7.92711e-05
          75  7.92900e-05
        75.5  7.93125e-05
          76  7.93386e-05
        76.5  7.93683e-05
          77  7.94016e-05
        77.5  7.94383e-05
          78  7.94785e-05
        78.5  7.95221e-05
          79  7.95691e-05
        79.5  7.96193e-05
          80  7.96729e-05
        80.5  7.97297e-05
          81  7.97897e-05
        81.5  7.98529e-05
          82  7.99191e-05
        82.5  7.99884e-05
          83  8.00608e-05
        83.5  8.01361e-05
          84  8.02143e-05
        84.5  8.02954e-05
          85  8.03794e-05
        85.5  8.04662e-05
          86  8.05556e-05
        86.5  8.06478e-05
          87  8.07426e-05
        87.5  8.08400e-05
          88  8.09400e-05
        88.5  8.10426e-05
          89  8.11475e-05
        89.5  8.12549e-05
          90  8.13647e-05
        90.5  8.14767e-05
          91  8.15911e-05
        91.5  8.17077e-05
          92  8.18264e-05
        92.5  8.19473e-05
          93  8.20703e-05
        93.5  8.21953e-05
          94  8.23223e-05
        94.5  8.24512e-05
          95  8.25820e-05
        95.5  8.27147e-05
          96  8.28491e-05
        96.5  8.29854e-05
          97  8.31232e-05
        97.5  8.32628e-05
          98  8.34040e-05
        98.5  8.35467e-05
          99  8.36909e-05
        99.5  8.38366e-05
         100  8.39837e-05
       100.5  8.41321e-05
         101  8.42819e-05
       101.5  8.44329e-05
         102  8.45851e-05
       102.5  8.47386e-05
         103  8.48931e-05
       103.5  8.50487e-05
         104  8.52053e-05
       104.5  8.53630e-05
         105  8.55215e-05
       105.5  8.56809e-05
         106  8.58412e-05
       106.5  8.60022e-05
         107  8.61640e-05
       107.5  8.63265e-05
         108  8.64896e-05
       108.5  8.66533e-05
         109  8.68175e-05
       109.5  8.69822e-05
         110  8.71475e-05
       110.5  8.73131e-05
         111  8.74790e-05
       111.5  8.76453e-05
         112  8.78117e-05
       112.5  8.79785e-05
         113  8.81454e-05
       113.5  8.83124e-05
         114  8.84794e-05
       114.5  8.86465e-05
         115  8.88135e-05
       115.5  8.89805e-05
         116  8.91474e-05
       116.5  8.93141e-05
         117  8.94806e-05
       117.5  8.96468e-05
         118  8.98127e-05
       118.5  8.99781e-05
         119  9.01432e-05
       119.5  9.03079e-05
         120  9.04720e-05
       120.5  9.06356e-05
         121  9.07987e-05
       121.5  9.09610e-05
         122  9.11227e-05
       122.5  9.12836e-05
         123  9.14436e-05
       123.5  9.16029e-05
         124  9.17613e-05
       124.5  9.19188e-05
         125  9.20753e-05
       125.5  9.22308e-05
         126  9.23852e-05
       126.5  9.25385e-05
         127  9.26906e-05
       127.5  9.28415e-05
         128  9.29911e-05
       128.5  9.31394e-05
         129  9.32864e-05
       129.5  9.34319e-05
         130  9.35760e-05
       130.5  9.37187e-05
         131  9.38598e-05
       131.5  9.39993e-05
         132  9.41371e-05
       132.5  9.42733e-05
         133  9.44078e-05
       133.5  9.45404e-05
         134  9.46713e-05
       134.5  9.48003e-05
         135  9.49273e-05
       135.5  9.50524e-05
         136  9.51755e-05
       136.5  9.52964e-05
         137  9.54154e-05
       137.5  9.55322e-05
         138  9.56468e-05
       138.5  9.57591e-05
         139  9.58692e-05
       139.5  9.59770e-05
         140  9.60824e-05
       140.5  9.61853e-05
         141  9.62858e-05
       141.5  9.63838e-05
         142  9.64792e-05
       142.5  9.65721e-05
         143  9.66623e-05
       143.5  9.67498e-05
         144  9.68345e-05
       144.5  9.69165e-05
         145  9.69956e-05
       145.5  9.70719e-05
         146  9.71453e-05
       146.5  9.72157e-05
         147  9.72831e-05
       147.5  9.73475e-05
         148  9.74088e-05
       148.5  9.74669e-05
         149  9.75219e-05
       149.5  9.75737e-05
         150  9.76220e-05
       150.5  9.76672e-05
         151  9.77091e-05
       151.5  9.77475e-05
         152  9.77826e-05
       152.5  9.78141e-05
         153  9.78422e-05
       153.5  9.78667e-05
         154  9.78876e-05
       154.5  9.79048e-05
         155  9.79184e-05
       155.5  9.79283e-05
         156  9.79344e-05
       156.5  9.79367e-05
         157  9.79352e-05
       157.5  9.79298e-05
         158  9.79205e-05
       158.5  9.79072e-05
         159  9.78900e-05
       159.5  9.78687e-05
         160  9.78433e-05
       160.5  9.78139e-05
         161  9.77802e-05
       161.5  9.77425e-05
         162  9.77005e-05
       162.5  9.76542e-05
         163  9.76037e-05
       163.5  9.75488e-05
         164  9.74895e-05
       164.5  9.74258e-05
         165  9.73579e-05
       165.5  9.72853e-05
         166  9.72082e-05
       166.5  9.71267e-05
         167  9.70406e-05
       167.5  9.69499e-05
         168  9.68546e-05
       168.5  9.67546e-05
         169  9.66500e-05
       169.5  9.65406e-05
         170  9.64265e-05
       170.5  9.63076e-05
         171  9.61839e-05
       171.5  9.60554e-05
         172  9.59221e-05
       172.5  9.57838e-05
         173  9.56406e-05
       173.5  9.54925e-05
         174  9.53395e-05
       174.5  9.51814e-05
         175  9.50184e-05
       175.5  9.48502e-05
         176  9.46770e-05
       176.5  9.44989e-05
         177  9.43156e-05
       177.5  9.41271e-05
         178  9.39336e-05
       178.5  9.37348e-05
         179  9.35310e-05
       179.5  9.33219e-05
         180  9.31076e-05
       180.5  9.28881e-05
         181  9.26633e-05
       181.5  9.24333e-05
         182  9.21981e-05
       182.5  9.19575e-05
         183  9.17117e-05
       183.5  9.14606e-05
         184  9.12041e-05
       184.5  9.09424e-05
         185  9.06753e-05
       185.5  9.04029e-05
         186  9.01251e-05
       186.5  8.98420e-05
         187  8.95535e-05
       187.5  8.92595e-05
         188  8.89607e-05
       188.5  8.86562e-05
         189  8.83463e-05
       189.5  8.80311e-05
         190  8.77106e-05
       190.5  8.73847e-05
         191  8.70535e-05
       191.5  8.67169e-05
         192  8.63750e-05
       192.5  8.60278e-05
         193  8.56753e-05
       193.5  8.53175e-05
         194  8.49545e-05
       194.5  8.45861e-05
         195  8.42125e-05
       195.5  8.38337e-05
         196  8.34496e-05
       196.5  8.30603e-05
         197  8.26659e-05
       197.5  8.22662e-05
         198  8.18612e-05
       198.5  8.14518e-05
         199  8.10368e-05
       199.5  8.06169e-05
         200  8.01919e-05
       200.5  7.97619e-05
         201  7.93269e-05
       201.5  7.88871e-05
         202  7.84423e-05
       202.5  7.79927e-05
         203  7.75382e-05
       203.5  7.70790e-05
         204  7.66150e-05
       204.5  7.61464e-05
         205  7.56731e-05
       205.5  7.51953e-05
         206  7.47129e-05
       206.5  7.42260e-05
         207  7.37346e-05
       207.5  7.32387e-05
         208  7.27383e-05
       208.5  7.22346e-05
         209  7.17261e-05
       209.5  7.12134e-05
         210  7.06967e-05
       210.5  7.01760e-05
         211  6.96513e-05
       211.5  6.91227e-05
         212  6.85903e-05
       212.5  6.80542e-05
         213  6.75145e-05
       213.5  6.69712e-05
         214  6.64244e-05
       214.5  6.58742e-05
         215  6.53206e-05
       215.5  6.47638e-05
         216  6.42038e-05
       216.5  6.36406e-05
         217  6.30740e-05
       217.5  6.25062e-05
         218  6.19346e-05
       218.5  6.13603e-05
         219  6.07835e-05
       219.5  6.02042e-05
         220  5.96225e-05
       220.5  5.90385e-05
         221  5.84524e-05
       221.5  5.78642e-05
         222  5.72742e-05
       222.5  5.66822e-05
         223  5.60886e-05
       223.5  5.54934e-05
         224  5.48967e-05
       224.5  5.42985e-05
         225  5.36987e-05
       225.5  5.30993e-05
         226  5.24980e-05
       226.5  5.18959e-05
         227  5.12931e-05
       227.5  5.06897e-05
         228  5.00859e-05
       228.5  4.94817e-05
         229  4.88774e-05
       229.5  4.82730e-05
         230  4.76687e-05
       230.5  4.70646e-05
         231  4.64609e-05
       231.5  4.58577e-05
         232  4.52549e-05
       232.5  4.46525e-05
         233  4.40495e-05
       233.5  4.34530e-05
         234  4.28547e-05
       234.5  4.22577e-05
         235  4.16621e-05
       235.5  4.10682e-05
         236  4.04761e-05
       236.5  3.98859e-05
         237  3.92978e-05
       237.5  3.87120e-05
         238  3.81284e-05
       238.5  3.75474e-05
         239  3.69687e-05
       239.5  3.63923e-05
         240  3.58212e-05
       240.5  3.52518e-05
         241  3.46855e-05
       241.5  3.41226e-05
         242  3.35631e-05
       242.5  3.30073e-05
         243  3.24552e-05
       243.5  3.19069e-05
         244  3.13626e-05
       244.5  3.08224e-05
         245  3.02864e-05
       245.5  2.97547e-05
         246  2.92271e-05
       246.5  2.87032e-05
         247  2.81872e-05
       247.5  2.76743e-05
         248  2.71661e-05
       248.5  2.66628e-05
         249  2.61647e-05
       249.5  2.56716e-05
         250  2.51839e-05
       250.5  2.47014e-05
         251  2.42243e-05
       251.5  2.37527e-05
         252  2.32866e-05
       252.5  2.28259e-05
         253  2.23704e-05
       253.5  2.19193e-05
         254  2.14792e-05
       254.5  2.10421e-05
         255  2.06106e-05
       255.5  2.01850e-05
         256  1.97653e-05
       256.5  1.93517e-05
         257  1.89440e-05
       257.5  1.85423e-05
         258  1.81466e-05
       258.5  1.77570e-05
         259  1.73734e-05
       259.5  1.69957e-05
         260  1.66237e-05
       260.5  1.62569e-05
         261  1.58998e-05
       261.5  1.55467e-05
         262  1.51994e-05
       262.5  1.48581e-05
         263  1.45228e-05
       263.5  1.41934e-05
         264  1.38699e-05
       264.5  1.35523e-05
         265  1.32405e-05
       265.5  1.29345e-05
         266  1.26342e-05
       266.5  1.23396e-05
         267  1.20506e-05
       267.5  1.17672e-05
         268  1.14892e-05
       268.5  1.12163e-05
         269  1.09477e-05
       269.5  1.06889e-05
         270  1.04329e-05
       270.5  1.01820e-05
         271  9.93629e-06
       271.5  9.69567e-06
         272  9.46009e-06
       272.5  9.22950e-06
         273  9.00381e-06
       273.5  8.78297e-06
         274  8.56689e-06
       274.5  8.35552e-06
         275  8.14877e-06
       275.5  7.94658e-06
         276  7.74887e-06
       276.5  7.55557e-06
         277  7.36662e-06
       277.5  7.18192e-06
         278  7.00142e-06
       278.5  6.82505e-06
         279  6.65272e-06
       279.5  6.48436e-06
         280  6.31990e-06
       280.5  6.15925e-06
         281  6.00234e-06
       281.5  5.84938e-06
         282  5.69993e-06
       282.5  5.55401e-06
         283  5.41158e-06
       283.5  5.27258e-06
         284  5.13694e-06
       284.5  5.00461e-06
         285  4.87551e-06
       285.5  4.74958e-06
         286  4.62676e-06
       286.5  4.50699e-06
         287  4.39022e-06
       287.5  4.27637e-06
         288  4.16539e-06
       288.5  4.05722e-06
         289  3.95181e-06
       289.5  3.84910e-06
         290  3.74903e-06
       290.5  3.65155e-06
         291  3.55661e-06
       291.5  3.46416e-06
         292  3.37413e-06
       292.5  3.28649e-06
         293  3.20118e-06
       293.5  3.11816e-06
         294  3.03737e-06
       294.5  2.95876e-06
         295  2.88230e-06
       295.5  2.80793e-06
         296  2.73561e-06
       296.5  2.66529e-06
         297  2.59693e-06
       297.5  2.53049e-06
         298  2.46593e-06
       298.5  2.40319e-06
         299  2.34225e-06
       299.5  2.28306e-06
         300  2.22559e-06
