           0  0.00000e+00
         0.5  1.53283e-07
           1  1.97554e-07
         1.5  3.76858e-07
           2  7.16334e-07
         2.5  1.27822e-06
           3  2.16950e-06
         3.5  3.51939e-06
           4  5.45955e-06
         4.5  8.11875e-06
           5  1.16079e-05
         5.5  1.60044e-05
           6  2.13362e-05
         6.5  2.76270e-05
           7  3.47727e-05
         7.5  4.25592e-05
           8  5.07489e-05
         8.5  5.90753e-05
           9  6.72682e-05
         9.5  7.50816e-05
          10  8.23139e-05
        10.5  8.88270e-05
          11  9.45435e-05
        11.5  9.94441e-05
          12  1.03553e-04
        12.5  1.06926e-04
          13  1.09635e-04
        13.5  1.11757e-04
          14  1.13369e-04
        14.5  1.14542e-04
          15  1.15337e-04
        15.5  1.15809e-04
          16  1.16003e-04
        16.5  1.15957e-04
          17  1.15704e-04
        17.5  1.15272e-04
          18  1.14684e-04
        18.5  1.13960e-04
          19  1.13118e-04
        19.5  1.12172e-04
          20  1.11138e-04
        20.5  1.10026e-04
          21  1.08848e-04
        21.5  1.07614e-04
          22  1.06332e-04
        22.5  1.05010e-04
          23  1.03657e-04
        23.5  1.02278e-04
          24  1.00878e-04
        24.5  9.94649e-05
          25  9.80427e-05
        25.5  9.66157e-05
          26  9.51876e-05
        26.5  9.37625e-05
          27  9.23442e-05
        27.5  9.09255e-05
          28  8.95237e-05
        28.5  8.81351e-05
          29  8.67614e-05
        29.5  8.54043e-05
          30  8.40656e-05
        30.5  8.27464e-05
          31  8.14480e-05
        31.5  8.01713e-05
          32  7.89172e-05
        32.5  7.76862e-05
          33  7.64789e-05
        33.5  7.52963e-05
          34  7.41381e-05
        34.5  7.30044e-05
          35  7.18955e-05
        35.5  7.08113e-05
          36  6.97520e-05
        36.5  6.87175e-05
          37  6.77078e-05
        37.5  6.67226e-05
          38  6.57616e-05
        38.5  6.48245e-05
          39  6.39112e-05
        39.5  6.30214e-05
          40  6.21546e-05
        40.5  6.13105e-05
          41  6.04888e-05
        41.5  5.96891e-05
          42  5.89110e-05
        42.5  5.81541e-05
          43  5.74180e-05
        43.5  5.67022e-05
          44  5.60064e-05
        44.5  5.53302e-05
          45  5.46731e-05
        45.5  5.40348e-05
          46  5.34147e-05
        46.5  5.28126e-05
          47  5.22280e-05
        47.5  5.16605e-05
          48  5.11097e-05
        48.5  5.05753e-05
          49  5.00569e-05
        49.5  4.95541e-05
          50  4.90666e-05
        50.5  4.85939e-05
          51  4.81358e-05
        51.5  4.76920e-05
          52  4.72620e-05
        52.5  4.68455e-05
          53  4.64423e-05
        53.5  4.60521e-05
          54  4.56745e-05
        54.5  4.53092e-05
          55  4.49560e-05
        55.5  4.46146e-05
          56  4.42847e-05
        56.5  4.39661e-05
          57  4.36585e-05
        57.5  4.33617e-05
          58  4.30753e-05
        58.5  4.27993e-05
          59  4.25333e-05
        59.5  4.22772e-05
          60  4.20307e-05
        60.5  4.17936e-05
          61  4.15657e-05
        61.5  4.13468e-05
          62  4.11368e-05
        62.5  4.09355e-05
          63  4.07426e-05
        63.5  4.05580e-05
          64  4.03815e-05
        64.5  4.02130e-05
          65  4.00524e-05
        65.5  3.98993e-05
          66  3.97538e-05
        66.5  3.96156e-05
          67  3.94847e-05
        67.5  3.93608e-05
          68  3.92440e-05
        68.5  3.91339e-05
          69  3.90305e-05
        69.5  3.89336e-05
          70  3.88433e-05
        70.5  3.87593e-05
          71  3.86814e-05
        71.5  3.86097e-05
          72  3.85441e-05
        72.5  3.84844e-05
          73  3.84305e-05
        73.5  3.83823e-05
          74  3.83398e-05
        74.5  3.83028e-05
          75  3.82712e-05
        75.5  3.82450e-05
          76  3.82240e-05
        76.5  3.82083e-05
          77  3.81978e-05
        77.5  3.81922e-05
          78  3.81917e-05
        78.5  3.81960e-05
          79  3.82052e-05
        79.5  3.82191e-05
          80  3.82378e-05
        80.5  3.82610e-05
          81  3.82889e-05
        81.5  3.83212e-05
          82  3.83580e-05
        82.5  3.83992e-05
          83  3.84447e-05
        83.5  3.84945e-05
          84  3.85485e-05
        84.5  3.86067e-05
          85  3.86690e-05
        85.5  3.87354e-05
          86  3.88058e-05
        86.5  3.88802e-05
          87  3.89585e-05
        87.5  3.90407e-05
          88  3.91267e-05
        88.5  3.92165e-05
          89  3.93101e-05
        89.5  3.94073e-05
          90  3.95083e-05
        90.5  3.96128e-05
          91  3.97210e-05
        91.5  3.98327e-05
          92  3.99479e-05
        92.5  4.00666e-05
          93  4.01887e-05
        93.5  4.03143e-05
          94  4.04432e-05
        94.5  4.05754e-05
          95  4.07110e-05
        95.5  4.08498e-05
          96  4.09918e-05
        96.5  4.11371e-05
          97  4.12855e-05
        97.5  4.14371e-05
          98  4.15918e-05
        98.5  4.17495e-05
          99  4.19103e-05
        99.5  4.20742e-05
         100  4.22410e-05
       100.5  4.24108e-05
         101  4.25835e-05
       101.5  4.27591e-05
         102  4.29376e-05
       102.5  4.31190e-05
         103  4.33032e-05
       103.5  4.34902e-05
         104  4.36799e-05
       104.5  4.38724e-05
         105  4.40676e-05
       105.5  4.42655e-05
         106  4.44661e-05
       106.5  4.46693e-05
         107  4.48751e-05
       107.5  4.50835e-05
         108  4.52945e-05
       108.5  4.55080e-05
         109  4.57240e-05
       109.5  4.59425e-05
         110  4.61634e-05
       110.5  4.63868e-05
         111  4.66126e-05
       111.5  4.68407e-05
         112  4.70712e-05
       112.5  4.73041e-05
         113  4.75393e-05
       113.5  4.77767e-05
         114  4.80164e-05
       114.5  4.82583e-05
         115  4.85024e-05
       115.5  4.87487e-05
         116  4.89971e-05
       116.5  4.92477e-05
         117  4.95004e-05
       117.5  4.97551e-05
         118  5.00119e-05
       118.5  5.02707e-05
         119  5.05314e-05
       119.5  5.07942e-05
         120  5.10589e-05
       120.5  5.13255e-05
         121  5.15940e-05
       121.5  5.18643e-05
         122  5.21365e-05
       122.5  5.24105e-05
         123  5.26862e-05
       123.5  5.29637e-05
         124  5.32429e-05
       124.5  5.35238e-05
         125  5.38063e-05
       125.5  5.40905e-05
         126  5.43763e-05
       126.5  5.46636e-05
         127  5.49525e-05
       127.5  5.52429e-05
         128  5.55348e-05
       128.5  5.58281e-05
         129  5.61228e-05
       129.5  5.64189e-05
         130  5.67164e-05
       130.5  5.70152e-05
         131  5.73153e-05
       131.5  5.76166e-05
         132  5.79192e-05
       132.5  5.82230e-05
         133  5.85279e-05
       133.5  5.88340e-05
         134  5.91411e-05
       134.5  5.94493e-05
         135  5.97585e-05
       135.5  6.00688e-05
         136  6.03799e-05
       136.5  6.06920e-05
         137  6.10049e-05
       137.5  6.13187e-05
         138  6.16334e-05
       138.5  6.19488e-05
         139  6.22649e-05
       139.5  6.25817e-05
         140  6.28992e-05
       140.5  6.32173e-05
         141  6.35360e-05
       141.5  6.38552e-05
         142  6.41750e-05
       142.5  6.44952e-05
         143  6.48158e-05
       143.5  6.51368e-05
         144  6.54581e-05
       144.5  6.57798e-05
         145  6.61017e-05
       145.5  6.64238e-05
         146  6.67461e-05
       146.5  6.70686e-05
         147  6.73911e-05
       147.5  6.77136e-05
         148  6.80362e-05
       148.5  6.83587e-05
         149  6.86812e-05
       149.5  6.90035e-05
         150  6.93255e-05
       150.5  6.96474e-05
         151  6.99690e-05
       151.5  7.02904e-05
         152  7.06113e-05
       152.5  7.09318e-05
         153  7.12519e-05
       153.5  7.15715e-05
         154  7.18905e-05
       154.5  7.22089e-05
         155  7.25266e-05
       155.5  7.28437e-05
         156  7.31600e-05
       156.5  7.34755e-05
         157  7.37901e-05
       157.5  7.41038e-05
         158  7.44166e-05
       158.5  7.47283e-05
         159  7.50390e-05
       159.5  7.53485e-05
         160  7.56569e-05
       160.5  7.59641e-05
         161  7.62700e-05
       161.5  7.65745e-05
         162  7.68777e-05
       162.5  7.71794e-05
         163  7.74797e-05
       163.5  7.77785e-05
         164  7.80759e-05
       164.5  7.83726e-05
         165  7.86647e-05
       165.5  7.89563e-05
         166  7.92463e-05
       166.5  7.95344e-05
         167  7.98206e-05
       167.5  8.01048e-05
         168  8.03869e-05
       168.5  8.06669e-05
         169  8.09447e-05
       169.5  8.12202e-05
         170  8.14934e-05
       170.5  8.17643e-05
         171  8.20327e-05
       171.5  8.22986e-05
         172  8.25619e-05
       172.5  8.28227e-05
         173  8.30808e-05
       173.5  8.33361e-05
         174  8.35886e-05
       174.5  8.38383e-05
         175  8.40851e-05
       175.5  8.43292e-05
         176  8.45707e-05
       176.5  8.48070e-05
         177  8.50413e-05
       177.5  8.52724e-05
         178  8.55002e-05
       178.5  8.57246e-05
         179  8.59456e-05
       179.5  8.61631e-05
         180  8.63770e-05
       180.5  8.65873e-05
         181  8.67938e-05
       181.5  8.69967e-05
         182  8.71957e-05
       182.5  8.73908e-05
         183  8.75819e-05
       183.5  8.77690e-05
         184  8.79520e-05
       184.5  8.81309e-05
         185  8.83055e-05
       185.5  8.84759e-05
         186  8.86419e-05
       186.5  8.88036e-05
         187  8.89610e-05
       187.5  8.91145e-05
         188  8.92612e-05
       188.5  8.94043e-05
         189  8.95428e-05
       189.5  8.96765e-05
         190  8.98054e-05
       190.5  8.99293e-05
         191  9.00482e-05
       191.5  9.01620e-05
         192  9.02708e-05
       192.5  9.03743e-05
         193  9.04726e-05
       193.5  9.05655e-05
         194  9.06531e-05
       194.5  9.07353e-05
         195  9.08119e-05
       195.5  9.08830e-05
         196  9.09485e-05
       196.5  9.10083e-05
         197  9.10625e-05
       197.5  9.11110e-05
         198  9.11541e-05
       198.5  9.11896e-05
         199  9.12200e-05
       199.5  9.12445e-05
         200  9.12629e-05
       200.5  9.12752e-05
         201  9.12813e-05
       201.5  9.12812e-05
         202  9.12747e-05
       202.5  9.12619e-05
         203  9.12427e-05
       203.5  9.12171e-05
         204  9.11849e-05
       204.5  9.11463e-05
         205  9.11010e-05
       205.5  9.10492e-05
         206  9.09906e-05
       206.5  9.09254e-05
         207  9.08535e-05
       207.5  9.07751e-05
         208  9.06904e-05
       208.5  9.05966e-05
         209  9.04971e-05
       209.5  9.03908e-05
         210  9.02775e-05
       210.5  9.01573e-05
         211  9.00299e-05
       211.5  8.98956e-05
         212  8.97541e-05
       212.5  8.96056e-05
         213  8.94499e-05
       213.5  8.92872e-05
         214  8.91172e-05
       214.5  8.89402e-05
         215  8.87559e-05
       215.5  8.85645e-05
         216  8.83660e-05
       216.5  8.81605e-05
         217  8.79487e-05
       217.5  8.77267e-05
         218  8.74991e-05
       218.5  8.72645e-05
         219  8.70226e-05
       219.5  8.67736e-05
         220  8.65174e-05
       220.5  8.62540e-05
         221  8.59836e-05
       221.5  8.57060e-05
         222  8.54213e-05
       222.5  8.51296e-05
         223  8.48308e-05
       223.5  8.45252e-05
         224  8.42126e-05
       224.5  8.38933e-05
         225  8.35679e-05
       225.5  8.32331e-05
         226  8.28930e-05
       226.5  8.25462e-05
         227  8.21928e-05
       227.5  8.18328e-05
         228  8.14662e-05
       228.5  8.10932e-05
         229  8.07138e-05
       229.5  8.03281e-05
         230  7.99361e-05
       230.5  7.95381e-05
         231  7.91339e-05
       231.5  7.87239e-05
         232  7.83083e-05
       232.5  7.78876e-05
         233  7.74635e-05
       233.5  7.70259e-05
         234  7.65871e-05
       234.5  7.61432e-05
         235  7.56941e-05
       235.5  7.52399e-05
         236  7.47807e-05
       236.5  7.43167e-05
         237  7.38479e-05
       237.5  7.33746e-05
         238  7.28968e-05
       238.5  7.24148e-05
         239  7.19290e-05
       239.5  7.14399e-05
         240  7.09436e-05
       240.5  7.04456e-05
         241  6.99440e-05
       241.5  6.94390e-05
         242  6.89307e-05
       242.5  6.84193e-05
         243  6.79050e-05
       243.5  6.73879e-05
         244  6.68682e-05
       244.5  6.63460e-05
         245  6.58217e-05
       245.5  6.52953e-05
         246  6.47674e-05
       246.5  6.42390e-05
         247  6.37045e-05
       247.5  6.31712e-05
         248  6.26366e-05
       248.5  6.21009e-05
         249  6.15644e-05
       249.5  6.10271e-05
         250  6.04892e-05
       250.5  5.99510e-05
         251  5.94125e-05
       251.5  5.88740e-05
         252  5.83357e-05
       252.5  5.77978e-05
         253  5.72611e-05
       253.5  5.67268e-05
         254  5.61860e-05
       254.5  5.56503e-05
         255  5.51156e-05
       255.5  5.45822e-05
         256  5.40501e-05
       256.5  5.35195e-05
         257  5.29904e-05
       257.5  5.24631e-05
         258  5.19377e-05
       258.5  5.14143e-05
         259  5.08930e-05
       259.5  5.03741e-05
         260  4.98580e-05
       260.5  4.93456e-05
         261  4.88307e-05
       261.5  4.83215e-05
         262  4.78150e-05
       262.5  4.73113e-05
         263  4.68106e-05
       263.5  4.63128e-05
         264  4.58181e-05
       264.5  4.53266e-05
         265  4.48383e-05
       265.5  4.43532e-05
         266  4.38715e-05
       266.5  4.33932e-05
         267  4.29184e-05
       267.5  4.24471e-05
         268  4.19796e-05
       268.5  4.15162e-05
         269  4.10579e-05
       269.5  4.05971e-05
         270  4.01437e-05
       270.5  3.96940e-05
         271  3.92480e-05
       271.5  3.88057e-05
         272  3.83672e-05
       272.5  3.79325e-05
         273  3.75016e-05
       273.5  3.70744e-05
         274  3.66511e-05
       274.5  3.62315e-05
         275  3.58158e-05
       275.5  3.54039e-05
         276  3.49958e-05
       276.5  3.45916e-05
         277  3.41911e-05
       277.5  3.37944e-05
         278  3.34016e-05
       278.5  3.30125e-05
         279  3.26273e-05
       279.5  3.22460e-05
         280  3.18686e-05
       280.5  3.14955e-05
         281  3.11271e-05
       281.5  3.07574e-05
         282  3.03946e-05
       282.5  3.00355e-05
         283  2.96802e-05
       283.5  2.93286e-05
         284  2.89807e-05
       284.5  2.86365e-05
         285  2.82960e-05
       285.5  2.79591e-05
         286  2.76260e-05
       286.5  2.72965e-05
         287  2.69706e-05
       287.5  2.66484e-05
         288  2.63298e-05
       288.5  2.60149e-05
         289  2.57036e-05
       289.5  2.53959e-05
         290  2.50918e-05
       290.5  2.47914e-05
         291  2.44946e-05
       291.5  2.42014e-05
         292  2.39118e-05
       292.5  2.36258e-05
         293  2.33434e-05
       293.5  2.30646e-05
         294  2.27894e-05
       294.5  2.25178e-05
         295  2.22499e-05
       295.5  2.19855e-05
         296  2.17248e-05
       296.5  2.14676e-05
         297  2.12141e-05
       297.5  2.09641e-05
         298  2.07178e-05
       298.5  2.04751e-05
         299  2.02360e-05
       299.5  2.00005e-05
         300  1.97686e-05
