           0  0.00000e+00
         0.5  5.27646e-12
           1  4.99316e-12
         1.5  1.88223e-11
           2  7.81322e-11
         2.5  2.92260e-10
           3  9.61706e-10
         3.5  2.83973e-09
           4  7.55821e-09
         4.5  1.82436e-08
           5  4.02445e-08
         5.5  8.17892e-08
           6  1.54314e-07
         6.5  2.72203e-07
           7  4.53519e-07
         7.5  7.15234e-07
           8  1.07233e-06
         8.5  1.53592e-06
           9  2.11182e-06
         9.5  2.80000e-06
          10  3.59520e-06
        10.5  4.48794e-06
          11  5.46604e-06
        11.5  6.51599e-06
          12  7.62405e-06
        12.5  8.77706e-06
          13  9.96295e-06
        13.5  1.11709e-05
          14  1.23916e-05
        14.5  1.36168e-05
          15  1.48398e-05
        15.5  1.60549e-05
          16  1.72573e-05
        16.5  1.84431e-05
          17  1.96094e-05
        17.5  2.07535e-05
          18  2.18734e-05
        18.5  2.29676e-05
          19  2.40349e-05
        19.5  2.50743e-05
          20  2.60854e-05
        20.5  2.70675e-05
          21  2.80205e-05
        21.5  2.89443e-05
          22  2.98388e-05
        22.5  3.07049e-05
          23  3.15406e-05
        23.5  3.23500e-05
          24  3.31300e-05
        24.5  3.38817e-05
          25  3.46058e-05
        25.5  3.53031e-05
          26  3.59742e-05
        26.5  3.66199e-05
          27  3.72407e-05
        27.5  3.78372e-05
          28  3.84099e-05
        28.5  3.89596e-05
          29  3.94870e-05
        29.5  3.99926e-05
          30  4.04772e-05
        30.5  4.09413e-05
          31  4.13856e-05
        31.5  4.18107e-05
          32  4.22173e-05
        32.5  4.26060e-05
          33  4.29775e-05
        33.5  4.33325e-05
          34  4.36711e-05
        34.5  4.39942e-05
          35  4.43024e-05
        35.5  4.45962e-05
          36  4.48762e-05
        36.5  4.51429e-05
          37  4.53971e-05
        37.5  4.56387e-05
          38  4.58686e-05
        38.5  4.60872e-05
          39  4.62949e-05
        39.5  4.64925e-05
          40  4.66800e-05
        40.5  4.68579e-05
          41  4.70268e-05
        41.5  4.71869e-05
          42  4.73390e-05
        42.5  4.74830e-05
          43  4.76195e-05
        43.5  4.77487e-05
          44  4.78711e-05
        44.5  4.79870e-05
          45  4.80967e-05
        45.5  4.82005e-05
          46  4.82987e-05
        46.5  4.83915e-05
          47  4.84794e-05
        47.5  4.85625e-05
          48  4.86411e-05
        48.5  4.87154e-05
          49  4.87857e-05
        49.5  4.88522e-05
          50  4.89152e-05
        50.5  4.89748e-05
          51  4.90313e-05
        51.5  4.90848e-05
          52  4.91356e-05
        52.5  4.91838e-05
          53  4.92295e-05
        53.5  4.92731e-05
          54  4.93146e-05
        54.5  4.93541e-05
          55  4.93919e-05
        55.5  4.94280e-05
          56  4.94627e-05
        56.5  4.94959e-05
          57  4.95279e-05
        57.5  4.95588e-05
          58  4.95887e-05
        58.5  4.96177e-05
          59  4.96458e-05
        59.5  4.96733e-05
          60  4.97001e-05
        60.5  4.97264e-05
          61  4.97522e-05
        61.5  4.97777e-05
          62  4.98029e-05
        62.5  4.98279e-05
          63  4.98527e-05
        63.5  4.98775e-05
          64  4.99021e-05
        64.5  4.99269e-05
          65  4.99517e-05
        65.5  4.99767e-05
          66  5.00018e-05
        66.5  5.00272e-05
          67  5.00529e-05
        67.5  5.00788e-05
          68  5.01051e-05
        68.5  5.01318e-05
          69  5.01589e-05
        69.5  5.01865e-05
          70  5.02145e-05
        70.5  5.02430e-05
          71  5.02721e-05
        71.5  5.03017e-05
          72  5.03318e-05
        72.5  5.03625e-05
          73  5.03939e-05
        73.5  5.04258e-05
          74  5.04584e-05
        74.5  5.04916e-05
          75  5.05254e-05
        75.5  5.05599e-05
          76  5.05951e-05
        76.5  5.06309e-05
          77  5.06674e-05
        77.5  5.07046e-05
          78  5.07424e-05
        78.5  5.07810e-05
          79  5.08202e-05
        79.5  5.08600e-05
          80  5.09006e-05
        80.5  5.09418e-05
          81  5.09837e-05
        81.5  5.10263e-05
          82  5.10695e-05
        82.5  5.11133e-05
          83  5.11578e-05
        83.5  5.12029e-05
          84  5.12487e-05
        84.5  5.12951e-05
          85  5.13421e-05
        85.5  5.13897e-05
          86  5.14378e-05
        86.5  5.14866e-05
          87  5.15356e-05
        87.5  5.15854e-05
          88  5.16358e-05
        88.5  5.16867e-05
          89  5.17381e-05
        89.5  5.17900e-05
          90  5.18423e-05
        90.5  5.18952e-05
          91  5.19485e-05
        91.5  5.20022e-05
          92  5.20563e-05
        92.5  5.21108e-05
          93  5.21657e-05
        93.5  5.22210e-05
          94  5.22767e-05
        94.5  5.23327e-05
          95  5.23889e-05
        95.5  5.24455e-05
          96  5.25023e-05
        96.5  5.25595e-05
          97  5.26168e-05
        97.5  5.26743e-05
          98  5.27321e-05
        98.5  5.27901e-05
          99  5.28482e-05
        99.5  5.29065e-05
         100  5.29649e-05
       100.5  5.30234e-05
         101  5.30820e-05
       101.5  5.31406e-05
         102  5.31993e-05
       102.5  5.32581e-05
         103  5.33168e-05
       103.5  5.33755e-05
         104  5.34341e-05
       104.5  5.34928e-05
         105  5.35514e-05
       105.5  5.36098e-05
         106  5.36682e-05
       106.5  5.37263e-05
         107  5.37844e-05
       107.5  5.38422e-05
         108  5.38999e-05
       108.5  5.39574e-05
         109  5.40145e-05
       109.5  5.40714e-05
         110  5.41281e-05
       110.5  5.41844e-05
         111  5.42405e-05
       111.5  5.42962e-05
         112  5.43513e-05
       112.5  5.44063e-05
         113  5.44608e-05
       113.5  5.45149e-05
         114  5.45685e-05
       114.5  5.46216e-05
         115  5.46742e-05
       115.5  5.47263e-05
         116  5.47779e-05
       116.5  5.48289e-05
         117  5.48794e-05
       117.5  5.49292e-05
         118  5.49785e-05
       118.5  5.50269e-05
         119  5.50748e-05
       119.5  5.51221e-05
         120  5.51686e-05
       120.5  5.52144e-05
         121  5.52594e-05
       121.5  5.53037e-05
         122  5.53472e-05
       122.5  5.53899e-05
         123  5.54315e-05
       123.5  5.54725e-05
         124  5.55126e-05
       124.5  5.55518e-05
         125  5.55901e-05
       125.5  5.56275e-05
         126  5.56639e-05
       126.5  5.56993e-05
         127  5.57337e-05
       127.5  5.57671e-05
         128  5.57995e-05
       128.5  5.58306e-05
         129  5.58608e-05
       129.5  5.58899e-05
         130  5.59179e-05
       130.5  5.59448e-05
         131  5.59705e-05
       131.5  5.59950e-05
         132  5.60183e-05
       132.5  5.60404e-05
         133  5.60613e-05
       133.5  5.60809e-05
         134  5.60992e-05
       134.5  5.61162e-05
         135  5.61319e-05
       135.5  5.61463e-05
         136  5.61593e-05
       136.5  5.61706e-05
         137  5.61808e-05
       137.5  5.61896e-05
         138  5.61969e-05
       138.5  5.62029e-05
         139  5.62073e-05
       139.5  5.62102e-05
         140  5.62117e-05
       140.5  5.62116e-05
         141  5.62099e-05
       141.5  5.62067e-05
         142  5.62019e-05
       142.5  5.61955e-05
         143  5.61875e-05
       143.5  5.61779e-05
         144  5.61666e-05
       144.5  5.61536e-05
         145  5.61390e-05
       145.5  5.61226e-05
         146  5.61045e-05
       146.5  5.60847e-05
         147  5.60631e-05
       147.5  5.60398e-05
         148  5.60147e-05
       148.5  5.59878e-05
         149  5.59590e-05
       149.5  5.59284e-05
         150  5.58948e-05
       150.5  5.58604e-05
         151  5.58241e-05
       151.5  5.57858e-05
         152  5.57457e-05
       152.5  5.57036e-05
         153  5.56595e-05
       153.5  5.56135e-05
         154  5.55655e-05
       154.5  5.55155e-05
         155  5.54635e-05
       155.5  5.54094e-05
         156  5.53533e-05
       156.5  5.52952e-05
         157  5.52350e-05
       157.5  5.51727e-05
         158  5.51082e-05
       158.5  5.50417e-05
         159  5.49731e-05
       159.5  5.49023e-05
         160  5.48294e-05
       160.5  5.47543e-05
         161  5.46771e-05
       161.5  5.45977e-05
         162  5.45161e-05
       162.5  5.44323e-05
         163  5.43466e-05
       163.5  5.42593e-05
         164  5.41723e-05
       164.5  5.40922e-05
         165  5.39811e-05
       165.5  5.38812e-05
         166  5.37813e-05
       166.5  5.36792e-05
         167  5.35749e-05
       167.5  5.34683e-05
         168  5.33593e-05
       168.5  5.32480e-05
         169  5.31344e-05
       169.5  5.30184e-05
         170  5.29001e-05
       170.5  5.27794e-05
         171  5.26563e-05
       171.5  5.25309e-05
         172  5.24030e-05
       172.5  5.22728e-05
         173  5.21402e-05
       173.5  5.20053e-05
         174  5.18681e-05
       174.5  5.17288e-05
         175  5.15879e-05
       175.5  5.14470e-05
         176  5.13100e-05
       176.5  5.11453e-05
         177  5.09920e-05
       177.5  5.08375e-05
         178  5.06806e-05
       178.5  5.05213e-05
         179  5.03595e-05
       179.5  5.01953e-05
         180  5.00287e-05
       180.5  4.98596e-05
         181  4.96881e-05
       181.5  4.95141e-05
         182  4.93377e-05
       182.5  4.91589e-05
         183  4.89776e-05
       183.5  4.87939e-05
         184  4.86077e-05
       184.5  4.84192e-05
         185  4.82282e-05
       185.5  4.80350e-05
         186  4.78396e-05
       186.5  4.76426e-05
         187  4.74455e-05
       187.5  4.72528e-05
         188  4.70328e-05
       188.5  4.68234e-05
         189  4.66130e-05
       189.5  4.64004e-05
         190  4.61854e-05
       190.5  4.59680e-05
         191  4.57483e-05
       191.5  4.55263e-05
         192  4.53020e-05
       192.5  4.50753e-05
         193  4.48464e-05
       193.5  4.46151e-05
         194  4.43816e-05
       194.5  4.41459e-05
         195  4.39079e-05
       195.5  4.36677e-05
         196  4.34254e-05
       196.5  4.31812e-05
         197  4.29354e-05
       197.5  4.26893e-05
         198  4.24464e-05
       198.5  4.21814e-05
         199  4.19248e-05
       199.5  4.16672e-05
         200  4.14076e-05
       200.5  4.11460e-05
         201  4.08824e-05
       201.5  4.06168e-05
         202  4.03492e-05
       202.5  4.00796e-05
         203  3.98081e-05
       203.5  3.95348e-05
         204  3.92595e-05
       204.5  3.89824e-05
         205  3.87036e-05
       205.5  3.84229e-05
         206  3.81406e-05
       206.5  3.78569e-05
         207  3.75721e-05
       207.5  3.72879e-05
         208  3.70085e-05
       208.5  3.67043e-05
         209  3.64104e-05
       209.5  3.61163e-05
         210  3.58208e-05
       210.5  3.55239e-05
         211  3.52256e-05
       211.5  3.49259e-05
         212  3.46249e-05
       212.5  3.43226e-05
         213  3.40190e-05
       213.5  3.37141e-05
         214  3.34081e-05
       214.5  3.31011e-05
         215  3.27930e-05
       215.5  3.24842e-05
         216  3.21754e-05
       216.5  3.18682e-05
         217  3.15680e-05
       217.5  3.12384e-05
         218  3.09226e-05
       218.5  3.06077e-05
         219  3.02922e-05
       219.5  2.99761e-05
         220  2.96594e-05
       220.5  2.93421e-05
         221  2.90243e-05
       221.5  2.87060e-05
         222  2.83874e-05
       222.5  2.80684e-05
         223  2.77493e-05
       223.5  2.74301e-05
         224  2.71116e-05
       224.5  2.67949e-05
         225  2.64840e-05
       225.5  2.61511e-05
         226  2.58299e-05
       226.5  2.55098e-05
         227  2.51901e-05
       227.5  2.48706e-05
         228  2.45514e-05
       228.5  2.42326e-05
         229  2.39142e-05
       229.5  2.35963e-05
         230  2.32790e-05
       230.5  2.29623e-05
         231  2.26466e-05
       231.5  2.23323e-05
         232  2.20207e-05
       232.5  2.17158e-05
         233  2.14296e-05
       233.5  2.10826e-05
         234  2.07672e-05
       234.5  2.04569e-05
         235  2.01482e-05
       235.5  1.98408e-05
         236  1.95348e-05
       236.5  1.92301e-05
         237  1.89270e-05
       237.5  1.86256e-05
         238  1.83260e-05
       238.5  1.80289e-05
         239  1.77355e-05
       239.5  1.74499e-05
         240  1.71422e-05
       240.5  1.68495e-05
         241  1.65598e-05
       241.5  1.62722e-05
         242  1.59867e-05
       242.5  1.57032e-05
         243  1.54220e-05
       243.5  1.51430e-05
         244  1.48663e-05
       244.5  1.45921e-05
         245  1.43206e-05
       245.5  1.40524e-05
         246  1.37892e-05
       246.5  1.35363e-05
         247  1.32581e-05
       247.5  1.29967e-05
         248  1.27396e-05
       248.5  1.24854e-05
         249  1.22340e-05
       249.5  1.19854e-05
         250  1.17396e-05
       250.5  1.14968e-05
         251  1.12569e-05
       251.5  1.10201e-05
         252  1.07869e-05
       252.5  1.05580e-05
         253  1.03359e-05
       253.5  1.01283e-05
         254  9.88197e-06
       254.5  9.66011e-06
         255  9.44380e-06
       255.5  9.23088e-06
         256  9.02116e-06
       256.5  8.81460e-06
         257  8.61122e-06
       257.5  8.41104e-06
         258  8.21411e-06
       258.5  8.02052e-06
         259  7.83052e-06
       259.5  7.64471e-06
         260  7.46472e-06
       260.5  7.29519e-06
         261  7.09972e-06
       261.5  6.92308e-06
         262  6.75107e-06
       262.5  6.58236e-06
         263  6.41680e-06
       263.5  6.25436e-06
         264  6.09501e-06
       264.5  5.93875e-06
         265  5.78555e-06
       265.5  5.63540e-06
         266  5.48831e-06
       266.5  5.34432e-06
         267  5.20352e-06
       267.5  5.06623e-06
         268  4.93328e-06
       268.5  4.80694e-06
         269  4.69357e-06
       269.5  4.54278e-06
         270  4.41612e-06
       270.5  4.29453e-06
         271  4.17587e-06
       271.5  4.05992e-06
         272  3.94663e-06
       272.5  3.83596e-06
         273  3.72787e-06
       273.5  3.62231e-06
         274  3.51926e-06
       274.5  3.41867e-06
         275  3.32051e-06
       275.5  3.22474e-06
         276  3.13132e-06
       276.5  3.04022e-06
         277  2.95142e-06
       277.5  2.86488e-06
         278  2.78061e-06
       278.5  2.69866e-06
         279  2.61915e-06
       279.5  2.54245e-06
         280  2.46938e-06
       280.5  2.40193e-06
         281  2.34477e-06
       281.5  2.24923e-06
         282  2.17916e-06
       282.5  2.11262e-06
         283  2.04798e-06
       283.5  1.98510e-06
         284  1.92397e-06
       284.5  1.86452e-06
         285  1.80673e-06
       285.5  1.75057e-06
         286  1.69599e-06
       286.5  1.64297e-06
         287  1.59146e-06
       287.5  1.54144e-06
         288  1.49287e-06
       288.5  1.44572e-06
         289  1.39995e-06
       289.5  1.35553e-06
         290  1.31244e-06
       290.5  1.27064e-06
         291  1.23009e-06
       291.5  1.19078e-06
         292  1.15266e-06
       292.5  1.11572e-06
         293  1.07991e-06
       293.5  1.04522e-06
         294  1.01161e-06
       294.5  9.79065e-07
         295  9.47547e-07
       295.5  9.17034e-07
         296  8.87499e-07
       296.5  8.58918e-07
         297  8.31265e-07
       297.5  8.04516e-07
         298  7.78647e-07
       298.5  7.53634e-07
         299  7.29454e-07
       299.5  7.06083e-07
         300  6.83501e-07
