           0  0.00000e+00
         0.5 -8.20731e-15
           1  6.08960e-12
         1.5  1.77904e-11
           2  5.17746e-11
         2.5  1.36284e-10
           3  3.28786e-10
         3.5  7.34660e-10
           4  1.52226e-09
         4.5  2.93678e-09
           5  5.30179e-09
         5.5  9.00246e-09
           6  1.44466e-08
         6.5  2.20701e-08
           7  3.21792e-08
         7.5  4.48246e-08
           8  5.98579e-08
         8.5  7.69096e-08
           9  9.54284e-08
         9.5  1.14757e-07
          10  1.34222e-07
        10.5  1.53223e-07
          11  1.71285e-07
        11.5  1.88085e-07
          12  2.03445e-07
        12.5  2.17312e-07
          13  2.29714e-07
        13.5  2.40740e-07
          14  2.50503e-07
        14.5  2.59124e-07
          15  2.66725e-07
        15.5  2.73412e-07
          16  2.79282e-07
        16.5  2.84420e-07
          17  2.88897e-07
        17.5  2.92776e-07
          18  2.96113e-07
        18.5  2.98955e-07
          19  3.01345e-07
        19.5  3.03320e-07
          20  3.04915e-07
        20.5  3.06162e-07
          21  3.07089e-07
        21.5  3.07725e-07
          22  3.08092e-07
        22.5  3.08214e-07
          23  3.08114e-07
        23.5  3.07812e-07
          24  3.07324e-07
        24.5  3.06671e-07
          25  3.05869e-07
        25.5  3.04936e-07
          26  3.03901e-07
        26.5  3.02838e-07
          27  3.02045e-07
        27.5  3.00253e-07
          28  2.98655e-07
        28.5  2.97138e-07
          29  2.95578e-07
        29.5  2.93970e-07
          30  2.92321e-07
        30.5  2.90639e-07
          31  2.88929e-07
        31.5  2.87201e-07
          32  2.85466e-07
        32.5  2.83748e-07
          33  2.82104e-07
        33.5  2.80137e-07
          34  2.78327e-07
        34.5  2.76545e-07
          35  2.74771e-07
        35.5  2.73004e-07
          36  2.71249e-07
        36.5  2.69505e-07
          37  2.67778e-07
        37.5  2.66066e-07
          38  2.64373e-07
        38.5  2.62699e-07
          39  2.61045e-07
        39.5  2.59414e-07
          40  2.57805e-07
        40.5  2.56220e-07
          41  2.54659e-07
        41.5  2.53122e-07
          42  2.51613e-07
        42.5  2.50128e-07
          43  2.48671e-07
        43.5  2.47239e-07
          44  2.45835e-07
        44.5  2.44459e-07
          45  2.43109e-07
        45.5  2.41787e-07
          46  2.40493e-07
        46.5  2.39226e-07
          47  2.37987e-07
        47.5  2.36775e-07
          48  2.35591e-07
        48.5  2.34434e-07
          49  2.33305e-07
        49.5  2.32202e-07
          50  2.31127e-07
        50.5  2.30079e-07
          51  2.29058e-07
        51.5  2.28063e-07
          52  2.27094e-07
        52.5  2.26152e-07
          53  2.25236e-07
        53.5  2.24346e-07
          54  2.23481e-07
        54.5  2.22641e-07
          55  2.21827e-07
        55.5  2.21037e-07
          56  2.20272e-07
        56.5  2.19532e-07
          57  2.18816e-07
        57.5  2.18124e-07
          58  2.17455e-07
        58.5  2.16810e-07
          59  2.16188e-07
        59.5  2.15589e-07
          60  2.15013e-07
        60.5  2.14459e-07
          61  2.13928e-07
        61.5  2.13419e-07
          62  2.12931e-07
        62.5  2.12465e-07
          63  2.12020e-07
        63.5  2.11596e-07
          64  2.11193e-07
        64.5  2.10811e-07
          65  2.10449e-07
        65.5  2.10107e-07
          66  2.09785e-07
        66.5  2.09482e-07
          67  2.09199e-07
        67.5  2.08935e-07
          68  2.08691e-07
        68.5  2.08464e-07
          69  2.08257e-07
        69.5  2.08067e-07
          70  2.07896e-07
        70.5  2.07742e-07
          71  2.07606e-07
        71.5  2.07487e-07
          72  2.07386e-07
        72.5  2.07302e-07
          73  2.07234e-07
        73.5  2.07183e-07
          74  2.07148e-07
        74.5  2.07130e-07
          75  2.07127e-07
        75.5  2.07140e-07
          76  2.07169e-07
        76.5  2.07213e-07
          77  2.07272e-07
        77.5  2.07346e-07
          78  2.07435e-07
        78.5  2.07539e-07
          79  2.07657e-07
        79.5  2.07789e-07
          80  2.07935e-07
        80.5  2.08095e-07
          81  2.08268e-07
        81.5  2.08455e-07
          82  2.08655e-07
        82.5  2.08869e-07
          83  2.09095e-07
        83.5  2.09334e-07
          84  2.09586e-07
        84.5  2.09850e-07
          85  2.10126e-07
        85.5  2.10414e-07
          86  2.10714e-07
        86.5  2.11026e-07
          87  2.11348e-07
        87.5  2.11683e-07
          88  2.12029e-07
        88.5  2.12386e-07
          89  2.12753e-07
        89.5  2.13132e-07
          90  2.13520e-07
        90.5  2.13919e-07
          91  2.14329e-07
        91.5  2.14748e-07
          92  2.15178e-07
        92.5  2.15617e-07
          93  2.16065e-07
        93.5  2.16523e-07
          94  2.16991e-07
        94.5  2.17467e-07
          95  2.17952e-07
        95.5  2.18446e-07
          96  2.18949e-07
        96.5  2.19461e-07
          97  2.19980e-07
        97.5  2.20508e-07
          98  2.21044e-07
        98.5  2.21587e-07
          99  2.22138e-07
        99.5  2.22697e-07
         100  2.23264e-07
       100.5  2.23837e-07
         101  2.24418e-07
       101.5  2.25006e-07
         102  2.25600e-07
       102.5  2.26201e-07
         103  2.26809e-07
       103.5  2.27423e-07
         104  2.28043e-07
       104.5  2.28670e-07
         105  2.29302e-07
       105.5  2.29940e-07
         106  2.30584e-07
       106.5  2.31233e-07
         107  2.31888e-07
       107.5  2.32547e-07
         108  2.33212e-07
       108.5  2.33882e-07
         109  2.34556e-07
       109.5  2.35235e-07
         110  2.35919e-07
       110.5  2.36607e-07
         111  2.37299e-07
       111.5  2.37995e-07
         112  2.38695e-07
       112.5  2.39398e-07
         113  2.40106e-07
       113.5  2.40817e-07
         114  2.41531e-07
       114.5  2.42248e-07
         115  2.42968e-07
       115.5  2.43691e-07
         116  2.44416e-07
       116.5  2.45145e-07
         117  2.45875e-07
       117.5  2.46608e-07
         118  2.47343e-07
       118.5  2.48080e-07
         119  2.48819e-07
       119.5  2.49559e-07
         120  2.50301e-07
       120.5  2.51045e-07
         121  2.51789e-07
       121.5  2.52535e-07
         122  2.53282e-07
       122.5  2.54029e-07
         123  2.54777e-07
       123.5  2.55525e-07
         124  2.56274e-07
       124.5  2.57023e-07
         125  2.57771e-07
       125.5  2.58520e-07
         126  2.59269e-07
       126.5  2.60017e-07
         127  2.60764e-07
       127.5  2.61511e-07
         128  2.62257e-07
       128.5  2.63001e-07
         129  2.63744e-07
       129.5  2.64486e-07
         130  2.65227e-07
       130.5  2.65966e-07
         131  2.66703e-07
       131.5  2.67438e-07
         132  2.68171e-07
       132.5  2.68901e-07
         133  2.69629e-07
       133.5  2.70355e-07
         134  2.71078e-07
       134.5  2.71797e-07
         135  2.72514e-07
       135.5  2.73227e-07
         136  2.73938e-07
       136.5  2.74643e-07
         137  2.75346e-07
       137.5  2.76045e-07
         138  2.76739e-07
       138.5  2.77430e-07
         139  2.78116e-07
       139.5  2.78798e-07
         140  2.79475e-07
       140.5  2.80147e-07
         141  2.80814e-07
       141.5  2.81476e-07
         142  2.82132e-07
       142.5  2.82783e-07
         143  2.83428e-07
       143.5  2.84068e-07
         144  2.84701e-07
       144.5  2.85329e-07
         145  2.85950e-07
       145.5  2.86564e-07
         146  2.87172e-07
       146.5  2.87773e-07
         147  2.88368e-07
       147.5  2.88955e-07
         148  2.89535e-07
       148.5  2.90107e-07
         149  2.90673e-07
       149.5  2.91231e-07
         150  2.91774e-07
       150.5  2.92315e-07
         151  2.92847e-07
       151.5  2.93371e-07
         152  2.93886e-07
       152.5  2.94392e-07
         153  2.94889e-07
       153.5  2.95378e-07
         154  2.95857e-07
       154.5  2.96326e-07
         155  2.96786e-07
       155.5  2.97236e-07
         156  2.97676e-07
       156.5  2.98106e-07
         157  2.98525e-07
       157.5  2.98935e-07
         158  2.99333e-07
       158.5  2.99721e-07
         159  3.00098e-07
       159.5  3.00464e-07
         160  3.00818e-07
       160.5  3.01161e-07
         161  3.01493e-07
       161.5  3.01813e-07
         162  3.02121e-07
       162.5  3.02418e-07
         163  3.02703e-07
       163.5  3.02978e-07
         164  3.03249e-07
       164.5  3.03541e-07
         165  3.03662e-07
       165.5  3.03924e-07
         166  3.04132e-07
       166.5  3.04326e-07
         167  3.04505e-07
       167.5  3.04671e-07
         168  3.04824e-07
       168.5  3.04962e-07
         169  3.05086e-07
       169.5  3.05196e-07
         170  3.05291e-07
       170.5  3.05372e-07
         171  3.05438e-07
       171.5  3.05490e-07
         172  3.05526e-07
       172.5  3.05547e-07
         173  3.05553e-07
       173.5  3.05544e-07
         174  3.05520e-07
       174.5  3.05483e-07
         175  3.05437e-07
       175.5  3.05393e-07
         176  3.05389e-07
       176.5  3.05136e-07
         177  3.05029e-07
       177.5  3.04891e-07
         178  3.04736e-07
       178.5  3.04564e-07
         179  3.04375e-07
       179.5  3.04169e-07
         180  3.03945e-07
       180.5  3.03705e-07
         181  3.03447e-07
       181.5  3.03171e-07
         182  3.02878e-07
       182.5  3.02567e-07
         183  3.02238e-07
       183.5  3.01891e-07
         184  3.01526e-07
       184.5  3.01144e-07
         185  3.00743e-07
       185.5  3.00326e-07
         186  2.99895e-07
       186.5  2.99459e-07
         187  2.99043e-07
       187.5  2.98729e-07
         188  2.97934e-07
       188.5  2.97409e-07
         189  2.96857e-07
       189.5  2.96286e-07
         190  2.95696e-07
       190.5  2.95086e-07
         191  2.94458e-07
       191.5  2.93810e-07
         192  2.93142e-07
       192.5  2.92455e-07
         193  2.91749e-07
       193.5  2.91022e-07
         194  2.90277e-07
       194.5  2.89511e-07
         195  2.88727e-07
       195.5  2.87923e-07
         196  2.87102e-07
       196.5  2.86268e-07
         197  2.85431e-07
       197.5  2.84625e-07
         198  2.83952e-07
       198.5  2.82676e-07
         199  2.81729e-07
       199.5  2.80764e-07
         200  2.79779e-07
       200.5  2.78775e-07
         201  2.77751e-07
       201.5  2.76707e-07
         202  2.75643e-07
       202.5  2.74560e-07
         203  2.73457e-07
       203.5  2.72334e-07
         204  2.71192e-07
       204.5  2.70030e-07
         205  2.68849e-07
       205.5  2.67651e-07
         206  2.66437e-07
       206.5  2.65215e-07
         207  2.64004e-07
       207.5  2.62866e-07
         208  2.61994e-07
       208.5  2.60060e-07
         209  2.58704e-07
       209.5  2.57346e-07
         210  2.55973e-07
       210.5  2.54581e-07
         211  2.53172e-07
       211.5  2.51744e-07
         212  2.50299e-07
       212.5  2.48836e-07
         213  2.47355e-07
       213.5  2.45857e-07
         214  2.44344e-07
       214.5  2.42816e-07
         215  2.41278e-07
       215.5  2.39742e-07
         216  2.38242e-07
       216.5  2.36879e-07
         217  2.35974e-07
       217.5  2.33320e-07
         218  2.31625e-07
       218.5  2.29956e-07
         219  2.28276e-07
       219.5  2.26584e-07
         220  2.24877e-07
       220.5  2.23157e-07
         221  2.21423e-07
       221.5  2.19676e-07
         222  2.17918e-07
       222.5  2.16150e-07
         223  2.14377e-07
       223.5  2.12612e-07
         224  2.10889e-07
       224.5  2.09309e-07
         225  2.08182e-07
       225.5  2.05309e-07
         226  2.03400e-07
       226.5  2.01527e-07
         227  1.99651e-07
       227.5  1.97767e-07
         228  1.95875e-07
       228.5  1.93975e-07
         229  1.92068e-07
       229.5  1.90156e-07
         230  1.88241e-07
       230.5  1.86328e-07
         231  1.84434e-07
       231.5  1.82601e-07
         232  1.80952e-07
       232.5  1.79877e-07
         233  1.80665e-07
       233.5  1.74960e-07
         234  1.72722e-07
       234.5  1.70715e-07
         235  1.68738e-07
       235.5  1.66767e-07
         236  1.64799e-07
       236.5  1.62836e-07
         237  1.60880e-07
       237.5  1.58942e-07
         238  1.57043e-07
       238.5  1.55242e-07
         239  1.53702e-07
       239.5  1.52902e-07
         240  1.49174e-07
       240.5  1.47120e-07
         241  1.45153e-07
       241.5  1.43203e-07
         242  1.41261e-07
       242.5  1.39326e-07
         243  1.37400e-07
       243.5  1.35485e-07
         244  1.33584e-07
       244.5  1.31711e-07
         245  1.29895e-07
       245.5  1.28219e-07
         246  1.26938e-07
       246.5  1.26848e-07
         247  1.22491e-07
       247.5  1.20448e-07
         248  1.18580e-07
       248.5  1.16745e-07
         249  1.14929e-07
       249.5  1.13130e-07
         250  1.11346e-07
       250.5  1.09584e-07
         251  1.07850e-07
       251.5  1.06164e-07
         252  1.04580e-07
       252.5  1.03244e-07
         253  1.02589e-07
       253.5  1.03959e-07
         254  9.79670e-08
       254.5  9.59631e-08
         255  9.42736e-08
       255.5  9.26386e-08
         256  9.10307e-08
       256.5  8.94448e-08
         257  8.78809e-08
       257.5  8.63415e-08
         258  8.48336e-08
       258.5  8.33733e-08
         259  8.20012e-08
       259.5  8.08228e-08
         260  8.01281e-08
       260.5  8.07541e-08
         261  7.62140e-08
       261.5  7.45921e-08
         262  7.31775e-08
       262.5  7.18035e-08
         263  7.04536e-08
       263.5  6.91245e-08
         264  6.78156e-08
       264.5  6.65268e-08
         265  6.52588e-08
       265.5  6.40130e-08
         266  6.27927e-08
       266.5  6.16055e-08
         267  6.04696e-08
       267.5  5.94303e-08
         268  5.86047e-08
       268.5  5.83078e-08
         269  5.94192e-08
       269.5  5.49158e-08
         270  5.35991e-08
       270.5  5.25085e-08
         271  5.14548e-08
       271.5  5.04223e-08
         272  4.94084e-08
       272.5  4.84124e-08
         273  4.74338e-08
       273.5  4.64724e-08
         274  4.55280e-08
       274.5  4.46005e-08
         275  4.36897e-08
       275.5  4.27954e-08
         276  4.19175e-08
       276.5  4.10558e-08
         277  4.02104e-08
       277.5  3.93813e-08
         278  3.85688e-08
       278.5  3.77736e-08
         279  3.69968e-08
       279.5  3.62405e-08
         280  3.55076e-08
       280.5  3.47999e-08
         281  3.41115e-08
       281.5  3.32251e-08
         282  3.25699e-08
       282.5  3.18869e-08
         283  3.12155e-08
       283.5  3.05571e-08
         284  2.99119e-08
       284.5  2.92796e-08
         285  2.86600e-08
       285.5  2.80529e-08
         286  2.74582e-08
       286.5  2.68756e-08
         287  2.63049e-08
       287.5  2.57461e-08
         288  2.51989e-08
       288.5  2.46631e-08
         289  2.41385e-08
       289.5  2.36251e-08
         290  2.31226e-08
       290.5  2.26308e-08
         291  2.21497e-08
       291.5  2.16789e-08
         292  2.12184e-08
       292.5  2.07681e-08
         293  2.03277e-08
       293.5  1.98971e-08
         294  1.94761e-08
       294.5  1.90646e-08
         295  1.86625e-08
       295.5  1.82696e-08
         296  1.78857e-08
       296.5  1.75107e-08
         297  1.71445e-08
       297.5  1.67869e-08
         298  1.64378e-08
       298.5  1.60971e-08
         299  1.57645e-08
       299.5  1.54401e-08
         300  1.51235e-08
