           0  0.00000e+00
         0.5  1.44295e-09
           1  8.49970e-10
         1.5  2.50443e-09
           2  7.35383e-09
         2.5  1.95277e-08
           3  4.73081e-08
         3.5  1.06096e-07
           4  2.20397e-07
         4.5  4.25873e-07
           5  7.69461e-07
         5.5  1.30685e-06
           6  2.09681e-06
         6.5  3.20119e-06
           7  4.66551e-06
         7.5  6.49624e-06
           8  8.67234e-06
         8.5  1.11413e-05
           9  1.38246e-05
         9.5  1.66287e-05
          10  1.94570e-05
        10.5  2.22238e-05
          11  2.48604e-05
        11.5  2.73200e-05
          12  2.95761e-05
        12.5  3.16201e-05
          13  3.34554e-05
        13.5  3.50938e-05
          14  3.65509e-05
        14.5  3.78436e-05
          15  3.89888e-05
        15.5  4.00013e-05
          16  4.08950e-05
        16.5  4.16817e-05
          17  4.23716e-05
        17.5  4.29736e-05
          18  4.34956e-05
        18.5  4.39445e-05
          19  4.43263e-05
        19.5  4.46465e-05
          20  4.49100e-05
        20.5  4.51215e-05
          21  4.52852e-05
        21.5  4.54050e-05
          22  4.54844e-05
        22.5  4.55269e-05
          23  4.55357e-05
        23.5  4.55140e-05
          24  4.54638e-05
        24.5  4.53881e-05
          25  4.52895e-05
        25.5  4.51699e-05
          26  4.50316e-05
        26.5  4.48766e-05
          27  4.47074e-05
        27.5  4.45194e-05
          28  4.43256e-05
        28.5  4.41188e-05
          29  4.39031e-05
        29.5  4.36792e-05
          30  4.34484e-05
        30.5  4.32117e-05
          31  4.29701e-05
        31.5  4.27244e-05
          32  4.24756e-05
        32.5  4.22242e-05
          33  4.19710e-05
        33.5  4.17171e-05
          34  4.14623e-05
        34.5  4.12073e-05
          35  4.09525e-05
        35.5  4.06985e-05
          36  4.04457e-05
        36.5  4.01943e-05
          37  3.99449e-05
        37.5  3.96975e-05
          38  3.94524e-05
        38.5  3.92097e-05
          39  3.89699e-05
        39.5  3.87331e-05
          40  3.84993e-05
        40.5  3.82687e-05
          41  3.80414e-05
        41.5  3.78176e-05
          42  3.75975e-05
        42.5  3.73809e-05
          43  3.71681e-05
        43.5  3.69590e-05
          44  3.67537e-05
        44.5  3.65523e-05
          45  3.63548e-05
        45.5  3.61611e-05
          46  3.59714e-05
        46.5  3.57857e-05
          47  3.56039e-05
        47.5  3.54261e-05
          48  3.52522e-05
        48.5  3.50823e-05
          49  3.49163e-05
        49.5  3.47543e-05
          50  3.45962e-05
        50.5  3.44420e-05
          51  3.42917e-05
        51.5  3.41452e-05
          52  3.40026e-05
        52.5  3.38638e-05
          53  3.37288e-05
        53.5  3.35976e-05
          54  3.34701e-05
        54.5  3.33464e-05
          55  3.32263e-05
        55.5  3.31098e-05
          56  3.29970e-05
        56.5  3.28878e-05
          57  3.27821e-05
        57.5  3.26800e-05
          58  3.25813e-05
        58.5  3.24861e-05
          59  3.23943e-05
        59.5  3.23060e-05
          60  3.22209e-05
        60.5  3.21392e-05
          61  3.20608e-05
        61.5  3.19856e-05
          62  3.19137e-05
        62.5  3.18449e-05
          63  3.17793e-05
        63.5  3.17169e-05
          64  3.16574e-05
        64.5  3.16011e-05
          65  3.15478e-05
        65.5  3.14974e-05
          66  3.14500e-05
        66.5  3.14056e-05
          67  3.13640e-05
        67.5  3.13252e-05
          68  3.12894e-05
        68.5  3.12562e-05
          69  3.12258e-05
        69.5  3.11981e-05
          70  3.11732e-05
        70.5  3.11509e-05
          71  3.11312e-05
        71.5  3.11141e-05
          72  3.10996e-05
        72.5  3.10876e-05
          73  3.10781e-05
        73.5  3.10711e-05
          74  3.10665e-05
        74.5  3.10644e-05
          75  3.10646e-05
        75.5  3.10671e-05
          76  3.10720e-05
        76.5  3.10792e-05
          77  3.10887e-05
        77.5  3.11004e-05
          78  3.11143e-05
        78.5  3.11304e-05
          79  3.11486e-05
        79.5  3.11690e-05
          80  3.11915e-05
        80.5  3.12160e-05
          81  3.12426e-05
        81.5  3.12712e-05
          82  3.13017e-05
        82.5  3.13343e-05
          83  3.13688e-05
        83.5  3.14052e-05
          84  3.14434e-05
        84.5  3.14836e-05
          85  3.15255e-05
        85.5  3.15693e-05
          86  3.16149e-05
        86.5  3.16622e-05
          87  3.17112e-05
        87.5  3.17619e-05
          88  3.18143e-05
        88.5  3.18684e-05
          89  3.19242e-05
        89.5  3.19815e-05
          90  3.20404e-05
        90.5  3.21008e-05
          91  3.21628e-05
        91.5  3.22264e-05
          92  3.22914e-05
        92.5  3.23578e-05
          93  3.24257e-05
        93.5  3.24950e-05
          94  3.25658e-05
        94.5  3.26379e-05
          95  3.27113e-05
        95.5  3.27860e-05
          96  3.28621e-05
        96.5  3.29395e-05
          97  3.30180e-05
        97.5  3.30979e-05
          98  3.31789e-05
        98.5  3.32612e-05
          99  3.33446e-05
        99.5  3.34291e-05
         100  3.35148e-05
       100.5  3.36016e-05
         101  3.36894e-05
       101.5  3.37783e-05
         102  3.38682e-05
       102.5  3.39592e-05
         103  3.40511e-05
       103.5  3.41440e-05
         104  3.42379e-05
       104.5  3.43326e-05
         105  3.44283e-05
       105.5  3.45249e-05
         106  3.46223e-05
       106.5  3.47205e-05
         107  3.48195e-05
       107.5  3.49194e-05
         108  3.50200e-05
       108.5  3.51214e-05
         109  3.52235e-05
       109.5  3.53263e-05
         110  3.54298e-05
       110.5  3.55339e-05
         111  3.56387e-05
       111.5  3.57441e-05
         112  3.58500e-05
       112.5  3.59566e-05
         113  3.60637e-05
       113.5  3.61714e-05
         114  3.62796e-05
       114.5  3.63882e-05
         115  3.64973e-05
       115.5  3.66068e-05
         116  3.67168e-05
       116.5  3.68272e-05
         117  3.69379e-05
       117.5  3.70490e-05
         118  3.71605e-05
       118.5  3.72721e-05
         119  3.73842e-05
       119.5  3.74965e-05
         120  3.76090e-05
       120.5  3.77218e-05
         121  3.78347e-05
       121.5  3.79479e-05
         122  3.80612e-05
       122.5  3.81746e-05
         123  3.82880e-05
       123.5  3.84017e-05
         124  3.85153e-05
       124.5  3.86291e-05
         125  3.87428e-05
       125.5  3.88565e-05
         126  3.89702e-05
       126.5  3.90839e-05
         127  3.91975e-05
       127.5  3.93110e-05
         128  3.94244e-05
       128.5  3.95375e-05
         129  3.96506e-05
       129.5  3.97635e-05
         130  3.98761e-05
       130.5  3.99886e-05
         131  4.01007e-05
       131.5  4.02126e-05
         132  4.03242e-05
       132.5  4.04355e-05
         133  4.05464e-05
       133.5  4.06569e-05
         134  4.07671e-05
       134.5  4.08768e-05
         135  4.09860e-05
       135.5  4.10948e-05
         136  4.12032e-05
       136.5  4.13109e-05
         137  4.14181e-05
       137.5  4.15248e-05
         138  4.16309e-05
       138.5  4.17364e-05
         139  4.18412e-05
       139.5  4.19454e-05
         140  4.20489e-05
       140.5  4.21517e-05
         141  4.22538e-05
       141.5  4.23551e-05
         142  4.24556e-05
       142.5  4.25553e-05
         143  4.26542e-05
       143.5  4.27522e-05
         144  4.28493e-05
       144.5  4.29456e-05
         145  4.30409e-05
       145.5  4.31352e-05
         146  4.32286e-05
       146.5  4.33210e-05
         147  4.34123e-05
       147.5  4.35026e-05
         148  4.35919e-05
       148.5  4.36800e-05
         149  4.37670e-05
       149.5  4.38528e-05
         150  4.39373e-05
       150.5  4.40208e-05
         151  4.41030e-05
       151.5  4.41840e-05
         152  4.42637e-05
       152.5  4.43421e-05
         153  4.44192e-05
       153.5  4.44949e-05
         154  4.45693e-05
       154.5  4.46422e-05
         155  4.47137e-05
       155.5  4.47838e-05
         156  4.48524e-05
       156.5  4.49195e-05
         157  4.49851e-05
       157.5  4.50491e-05
         158  4.51116e-05
       158.5  4.51724e-05
         159  4.52317e-05
       159.5  4.52892e-05
         160  4.53452e-05
       160.5  4.53994e-05
         161  4.54519e-05
       161.5  4.55026e-05
         162  4.55516e-05
       162.5  4.55988e-05
         163  4.56441e-05
       163.5  4.56876e-05
         164  4.57293e-05
       164.5  4.57690e-05
         165  4.58069e-05
       165.5  4.58427e-05
         166  4.58766e-05
       166.5  4.59086e-05
         167  4.59385e-05
       167.5  4.59664e-05
         168  4.59922e-05
       168.5  4.60160e-05
         169  4.60376e-05
       169.5  4.60572e-05
         170  4.60745e-05
       170.5  4.60897e-05
         171  4.61028e-05
       171.5  4.61135e-05
         172  4.61221e-05
       172.5  4.61284e-05
         173  4.61324e-05
       173.5  4.61340e-05
         174  4.61334e-05
       174.5  4.61304e-05
         175  4.61250e-05
       175.5  4.61173e-05
         176  4.61071e-05
       176.5  4.60945e-05
         177  4.60794e-05
       177.5  4.60618e-05
         178  4.60418e-05
       178.5  4.60192e-05
         179  4.59942e-05
       179.5  4.59665e-05
         180  4.59363e-05
       180.5  4.59035e-05
         181  4.58680e-05
       181.5  4.58300e-05
         182  4.57893e-05
       182.5  4.57459e-05
         183  4.56999e-05
       183.5  4.56511e-05
         184  4.55997e-05
       184.5  4.55455e-05
         185  4.54885e-05
       185.5  4.54288e-05
         186  4.53663e-05
       186.5  4.53010e-05
         187  4.52329e-05
       187.5  4.51620e-05
         188  4.50883e-05
       188.5  4.50116e-05
         189  4.49322e-05
       189.5  4.48498e-05
         190  4.47646e-05
       190.5  4.46765e-05
         191  4.45854e-05
       191.5  4.44915e-05
         192  4.43946e-05
       192.5  4.42947e-05
         193  4.41920e-05
       193.5  4.40862e-05
         194  4.39776e-05
       194.5  4.38659e-05
         195  4.37512e-05
       195.5  4.36336e-05
         196  4.35130e-05
       196.5  4.33894e-05
         197  4.32628e-05
       197.5  4.31332e-05
         198  4.30005e-05
       198.5  4.28650e-05
         199  4.27263e-05
       199.5  4.25847e-05
         200  4.24400e-05
       200.5  4.22924e-05
         201  4.21417e-05
       201.5  4.19880e-05
         202  4.18313e-05
       202.5  4.16717e-05
         203  4.15090e-05
       203.5  4.13433e-05
         204  4.11747e-05
       204.5  4.10031e-05
         205  4.08285e-05
       205.5  4.06510e-05
         206  4.04705e-05
       206.5  4.02870e-05
         207  4.01007e-05
       207.5  3.99114e-05
         208  3.97192e-05
       208.5  3.95243e-05
         209  3.93263e-05
       209.5  3.91255e-05
         210  3.89219e-05
       210.5  3.87155e-05
         211  3.85062e-05
       211.5  3.82942e-05
         212  3.80794e-05
       212.5  3.78619e-05
         213  3.76417e-05
       213.5  3.74188e-05
         214  3.71933e-05
       214.5  3.69651e-05
         215  3.67343e-05
       215.5  3.65010e-05
         216  3.62651e-05
       216.5  3.60267e-05
         217  3.57858e-05
       217.5  3.55427e-05
         218  3.52969e-05
       218.5  3.50488e-05
         219  3.47984e-05
       219.5  3.45457e-05
         220  3.42908e-05
       220.5  3.40337e-05
         221  3.37744e-05
       221.5  3.35130e-05
         222  3.32495e-05
       222.5  3.29840e-05
         223  3.27166e-05
       223.5  3.24472e-05
         224  3.21759e-05
       224.5  3.19029e-05
         225  3.16280e-05
       225.5  3.13516e-05
         226  3.10734e-05
       226.5  3.07936e-05
         227  3.05123e-05
       227.5  3.02295e-05
         228  2.99453e-05
       228.5  2.96598e-05
         229  2.93730e-05
       229.5  2.90849e-05
         230  2.87958e-05
       230.5  2.85055e-05
         231  2.82142e-05
       231.5  2.79220e-05
         232  2.76289e-05
       232.5  2.73349e-05
         233  2.70402e-05
       233.5  2.67453e-05
         234  2.64492e-05
       234.5  2.61528e-05
         235  2.58560e-05
       235.5  2.55588e-05
         236  2.52614e-05
       236.5  2.49637e-05
         237  2.46660e-05
       237.5  2.43682e-05
         238  2.40704e-05
       238.5  2.37728e-05
         239  2.34753e-05
       239.5  2.31781e-05
         240  2.28815e-05
       240.5  2.25850e-05
         241  2.22892e-05
       241.5  2.19940e-05
         242  2.16994e-05
       242.5  2.14056e-05
         243  2.11127e-05
       243.5  2.08207e-05
         244  2.05296e-05
       244.5  2.02397e-05
         245  1.99509e-05
       245.5  1.96634e-05
         246  1.93771e-05
       246.5  1.90922e-05
         247  1.88090e-05
       247.5  1.85270e-05
         248  1.82468e-05
       248.5  1.79682e-05
         249  1.76913e-05
       249.5  1.74163e-05
         250  1.71431e-05
       250.5  1.68719e-05
         251  1.66027e-05
       251.5  1.63356e-05
         252  1.60705e-05
       252.5  1.58077e-05
         253  1.55470e-05
       253.5  1.52887e-05
         254  1.50329e-05
       254.5  1.47792e-05
         255  1.45280e-05
       255.5  1.42793e-05
         256  1.40332e-05
       256.5  1.37896e-05
         257  1.35485e-05
       257.5  1.33102e-05
         258  1.30745e-05
       258.5  1.28414e-05
         259  1.26111e-05
       259.5  1.23836e-05
         260  1.21588e-05
       260.5  1.19368e-05
         261  1.17178e-05
       261.5  1.15013e-05
         262  1.12879e-05
       262.5  1.10772e-05
         263  1.08694e-05
       263.5  1.06645e-05
         264  1.04624e-05
       264.5  1.02633e-05
         265  1.00670e-05
       265.5  9.87356e-06
         266  9.68301e-06
       266.5  9.49532e-06
         267  9.31050e-06
       267.5  9.12852e-06
         268  8.94938e-06
       268.5  8.77305e-06
         269  8.59949e-06
       269.5  8.42910e-06
         270  8.26102e-06
       270.5  8.09592e-06
         271  7.93353e-06
       271.5  7.77387e-06
         272  7.61691e-06
       272.5  7.46263e-06
         273  7.31102e-06
       273.5  7.16204e-06
         274  7.01567e-06
       274.5  6.87189e-06
         275  6.73067e-06
       275.5  6.59198e-06
         276  6.45580e-06
       276.5  6.32209e-06
         277  6.19083e-06
       277.5  6.06199e-06
         278  5.93554e-06
       278.5  5.81145e-06
         279  5.68969e-06
       279.5  5.57023e-06
         280  5.45301e-06
       280.5  5.33800e-06
         281  5.22509e-06
       281.5  5.11476e-06
         282  5.00648e-06
       282.5  4.90023e-06
         283  4.79606e-06
       283.5  4.69394e-06
         284  4.59388e-06
       284.5  4.49582e-06
         285  4.39973e-06
       285.5  4.30560e-06
         286  4.21338e-06
       286.5  4.12305e-06
         287  4.03459e-06
       287.5  3.94797e-06
         288  3.86315e-06
       288.5  3.78011e-06
         289  3.69883e-06
       289.5  3.61928e-06
         290  3.54143e-06
       290.5  3.46526e-06
         291  3.39074e-06
       291.5  3.31784e-06
         292  3.24654e-06
       292.5  3.17682e-06
         293  3.10865e-06
       293.5  3.04201e-06
         294  2.97687e-06
       294.5  2.91321e-06
         295  2.85101e-06
       295.5  2.79024e-06
         296  2.73089e-06
       296.5  2.67292e-06
         297  2.61631e-06
       297.5  2.56105e-06
         298  2.50711e-06
       298.5  2.45447e-06
         299  2.40311e-06
       299.5  2.35301e-06
         300  2.30414e-06
