2048
800.000000
0.000000 0.000000
0.001000 0.000020
0.002000 0.000077
0.003000 0.000168
0.004000 0.000291
0.005000 0.000443
0.006000 0.000626
0.007000 0.000835
0.008000 0.001068
0.009000 0.001326
0.010000 0.001604
0.011000 0.001902
0.012000 0.002217
0.013000 0.002549
0.014000 0.002889
0.015000 0.003239
0.016000 0.003597
0.017000 0.003962
0.018000 0.004337
0.019000 0.004719
0.020000 0.005101
0.021000 0.005489
0.022000 0.005881
0.023000 0.006274
0.024000 0.006671
0.025000 0.007073
0.026000 0.007485
0.027000 0.007896
0.028000 0.008302
0.029000 0.008711
0.030000 0.009117
0.031000 0.009522
0.032000 0.009922
0.033000 0.010326
0.034000 0.010727
0.035000 0.011127
0.036000 0.011529
0.037000 0.011933
0.038000 0.012338
0.039000 0.012744
0.040000 0.013143
0.041000 0.013542
0.042000 0.013944
0.043000 0.014348
0.044000 0.014750
0.045000 0.015138
0.046000 0.015520
0.047000 0.015896
0.048000 0.016267
0.049000 0.016635
0.050000 0.016988
0.051000 0.017340
0.052000 0.017689
0.053000 0.018026
0.054000 0.018358
0.055000 0.018688
0.056000 0.019020
0.057000 0.019346
0.058000 0.019670
0.059000 0.020005
0.060000 0.020341
0.061000 0.020672
0.062000 0.020989
0.063000 0.021297
0.064000 0.021597
0.065000 0.021894
0.066000 0.022200
0.067000 0.022513
0.068000 0.022833
0.069000 0.023153
0.070000 0.023479
0.071000 0.023803
0.072000 0.024132
0.073000 0.024470
0.074000 0.024808
0.075000 0.025119
0.076000 0.025426
0.077000 0.025741
0.078000 0.026058
0.079000 0.026365
0.080000 0.026679
0.081000 0.026980
0.082000 0.027281
0.083000 0.027580
0.084000 0.027878
0.085000 0.028184
0.086000 0.028490
0.087000 0.028796
0.088000 0.029085
0.089000 0.029365
0.090000 0.029647
0.091000 0.029926
0.092000 0.030198
0.093000 0.030484
0.094000 0.030773
0.095000 0.031064
0.096000 0.031358
0.097000 0.031640
0.098000 0.031913
0.099000 0.032183
0.100000 0.032449
0.101000 0.032703
0.102000 0.032960
0.103000 0.033217
0.104000 0.033482
0.105000 0.033748
0.106000 0.034025
0.107000 0.034291
0.108000 0.034542
0.109000 0.034789
0.110000 0.035051
0.111000 0.035328
0.112000 0.035614
0.113000 0.035884
0.114000 0.036159
0.115000 0.036431
0.116000 0.036703
0.117000 0.036959
0.118000 0.037208
0.119000 0.037459
0.120000 0.037699
0.121000 0.037938
0.122000 0.038179
0.123000 0.038420
0.124000 0.038653
0.125000 0.038883
0.126000 0.039108
0.127000 0.039325
0.128000 0.039532
0.129000 0.039733
0.130000 0.039919
0.131000 0.040110
0.132000 0.040288
0.133000 0.040474
0.134000 0.040672
0.135000 0.040892
0.136000 0.041120
0.137000 0.041362
0.138000 0.041584
0.139000 0.041819
0.140000 0.042056
0.141000 0.042287
0.142000 0.042514
0.143000 0.042735
0.144000 0.042967
0.145000 0.043202
0.146000 0.043444
0.147000 0.043685
0.148000 0.043929
0.149000 0.044177
0.150000 0.044422
0.151000 0.044666
0.152000 0.044905
0.153000 0.045134
0.154000 0.045362
0.155000 0.045596
0.156000 0.045816
0.157000 0.046027
0.158000 0.046230
0.159000 0.046421
0.160000 0.046608
0.161000 0.046783
0.162000 0.046967
0.163000 0.047146
0.164000 0.047318
0.165000 0.047507
0.166000 0.047687
0.167000 0.047874
0.168000 0.048047
0.169000 0.048231
0.170000 0.048428
0.171000 0.048627
0.172000 0.048811
0.173000 0.048995
0.174000 0.049171
0.175000 0.049360
0.176000 0.049568
0.177000 0.049767
0.178000 0.049970
0.179000 0.050170
0.180000 0.050381
0.181000 0.050594
0.182000 0.050803
0.183000 0.051016
0.184000 0.051226
0.185000 0.051441
0.186000 0.051662
0.187000 0.051867
0.188000 0.052062
0.189000 0.052250
0.190000 0.052446
0.191000 0.052635
0.192000 0.052814
0.193000 0.052984
0.194000 0.053168
0.195000 0.053353
0.196000 0.053560
0.197000 0.053758
0.198000 0.053972
0.199000 0.054176
0.200000 0.054372
0.201000 0.054567
0.202000 0.054760
0.203000 0.054979
0.204000 0.055192
0.205000 0.055418
0.206000 0.055633
0.207000 0.055848
0.208000 0.056068
0.209000 0.056270
0.210000 0.056461
0.211000 0.056660
0.212000 0.056867
0.213000 0.057078
0.214000 0.057312
0.215000 0.057533
0.216000 0.057737
0.217000 0.057936
0.218000 0.058114
0.219000 0.058298
0.220000 0.058478
0.221000 0.058647
0.222000 0.058817
0.223000 0.058987
0.224000 0.059167
0.225000 0.059344
0.226000 0.059521
0.227000 0.059699
0.228000 0.059887
0.229000 0.060078
0.230000 0.060263
0.231000 0.060418
0.232000 0.060573
0.233000 0.060735
0.234000 0.060900
0.235000 0.061063
0.236000 0.061245
0.237000 0.061446
0.238000 0.061639
0.239000 0.061829
0.240000 0.062027
0.241000 0.062226
0.242000 0.062423
0.243000 0.062618
0.244000 0.062824
0.245000 0.063030
0.246000 0.063250
0.247000 0.063477
0.248000 0.063700
0.249000 0.063923
0.250000 0.064135
0.251000 0.064346
0.252000 0.064571
0.253000 0.064815
0.254000 0.065073
0.255000 0.065324
0.256000 0.065568
0.257000 0.065815
0.258000 0.066070
0.259000 0.066317
0.260000 0.066566
0.261000 0.066803
0.262000 0.067051
0.263000 0.067287
0.264000 0.067533
0.265000 0.067780
0.266000 0.068028
0.267000 0.068284
0.268000 0.068531
0.269000 0.068792
0.270000 0.069045
0.271000 0.069317
0.272000 0.069580
0.273000 0.069866
0.274000 0.070163
0.275000 0.070434
0.276000 0.070709
0.277000 0.070979
0.278000 0.071237
0.279000 0.071484
0.280000 0.071746
0.281000 0.071999
0.282000 0.072240
0.283000 0.072486
0.284000 0.072742
0.285000 0.072989
0.286000 0.073224
0.287000 0.073456
0.288000 0.073671
0.289000 0.073888
0.290000 0.074105
0.291000 0.074316
0.292000 0.074534
0.293000 0.074736
0.294000 0.074943
0.295000 0.075150
0.296000 0.075375
0.297000 0.075593
0.298000 0.075805
0.299000 0.076033
0.300000 0.076252
0.301000 0.076460
0.302000 0.076665
0.303000 0.076861
0.304000 0.077032
0.305000 0.077194
0.306000 0.077372
0.307000 0.077540
0.308000 0.077702
0.309000 0.077860
0.310000 0.078028
0.311000 0.078190
0.312000 0.078348
0.313000 0.078505
0.314000 0.078650
0.315000 0.078806
0.316000 0.078954
0.317000 0.079086
0.318000 0.079222
0.319000 0.079370
0.320000 0.079522
0.321000 0.079661
0.322000 0.079803
0.323000 0.079946
0.324000 0.080089
0.325000 0.080206
0.326000 0.080342
0.327000 0.080476
0.328000 0.080605
0.329000 0.080711
0.330000 0.080813
0.331000 0.080928
0.332000 0.081053
0.333000 0.081193
0.334000 0.081361
0.335000 0.081544
0.336000 0.081715
0.337000 0.081888
0.338000 0.082059
0.339000 0.082215
0.340000 0.082358
0.341000 0.082480
0.342000 0.082592
0.343000 0.082713
0.344000 0.082815
0.345000 0.082886
0.346000 0.082988
0.347000 0.083097
0.348000 0.083226
0.349000 0.083370
0.350000 0.083513
0.351000 0.083682
0.352000 0.083863
0.353000 0.084053
0.354000 0.084245
0.355000 0.084437
0.356000 0.084621
0.357000 0.084805
0.358000 0.084995
0.359000 0.085183
0.360000 0.085368
0.361000 0.085560
0.362000 0.085743
0.363000 0.085934
0.364000 0.086142
0.365000 0.086351
0.366000 0.086545
0.367000 0.086746
0.368000 0.086941
0.369000 0.087097
0.370000 0.087285
0.371000 0.087483
0.372000 0.087682
0.373000 0.087887
0.374000 0.088095
0.375000 0.088305
0.376000 0.088518
0.377000 0.088749
0.378000 0.088988
0.379000 0.089207
0.380000 0.089405
0.381000 0.089598
0.382000 0.089760
0.383000 0.089920
0.384000 0.090083
0.385000 0.090265
0.386000 0.090435
0.387000 0.090617
0.388000 0.090794
0.389000 0.090965
0.390000 0.091147
0.391000 0.091329
0.392000 0.091495
0.393000 0.091658
0.394000 0.091813
0.395000 0.091946
0.396000 0.092100
0.397000 0.092245
0.398000 0.092401
0.399000 0.092573
0.400000 0.092741
0.401000 0.092900
0.402000 0.093067
0.403000 0.093257
0.404000 0.093452
0.405000 0.093648
0.406000 0.093846
0.407000 0.094041
0.408000 0.094231
0.409000 0.094395
0.410000 0.094569
0.411000 0.094734
0.412000 0.094918
0.413000 0.095099
0.414000 0.095268
0.415000 0.095450
0.416000 0.095639
0.417000 0.095813
0.418000 0.096000
0.419000 0.096182
0.420000 0.096377
0.421000 0.096558
0.422000 0.096723
0.423000 0.096894
0.424000 0.097083
0.425000 0.097279
0.426000 0.097484
0.427000 0.097671
0.428000 0.097856
0.429000 0.098037
0.430000 0.098219
0.431000 0.098376
0.432000 0.098520
0.433000 0.098684
0.434000 0.098844
0.435000 0.099000
0.436000 0.099159
0.437000 0.099322
0.438000 0.099476
0.439000 0.099639
0.440000 0.099809
0.441000 0.099980
0.442000 0.100175
0.443000 0.100358
0.444000 0.100538
0.445000 0.100699
0.446000 0.100853
0.447000 0.101016
0.448000 0.101195
0.449000 0.101362
0.450000 0.101513
0.451000 0.101665
0.452000 0.101818
0.453000 0.101942
0.454000 0.102063
0.455000 0.102194
0.456000 0.102329
0.457000 0.102499
0.458000 0.102685
0.459000 0.102872
0.460000 0.103070
0.461000 0.103259
0.462000 0.103463
0.463000 0.103656
0.464000 0.103844
0.465000 0.104041
0.466000 0.104245
0.467000 0.104445
0.468000 0.104638
0.469000 0.104832
0.470000 0.105026
0.471000 0.105223
0.472000 0.105449
0.473000 0.105672
0.474000 0.105907
0.475000 0.106140
0.476000 0.106396
0.477000 0.106651
0.478000 0.106920
0.479000 0.107193
0.480000 0.107463
0.481000 0.107725
0.482000 0.107973
0.483000 0.108224
0.484000 0.108498
0.485000 0.108772
0.486000 0.109034
0.487000 0.109270
0.488000 0.109515
0.489000 0.109770
0.490000 0.110035
0.491000 0.110293
0.492000 0.110566
0.493000 0.110821
0.494000 0.111081
0.495000 0.111345
0.496000 0.111605
0.497000 0.111841
0.498000 0.112070
0.499000 0.112296
0.500000 0.112524
0.501000 0.112736
0.502000 0.112922
0.503000 0.113103
0.504000 0.113279
0.505000 0.113457
0.506000 0.113628
0.507000 0.113820
0.508000 0.113991
0.509000 0.114173
0.510000 0.114365
0.511000 0.114551
0.512000 0.114745
0.513000 0.114929
0.514000 0.115121
0.515000 0.115313
0.516000 0.115495
0.517000 0.115700
0.518000 0.115876
0.519000 0.116049
0.520000 0.116209
0.521000 0.116369
0.522000 0.116500
0.523000 0.116672
0.524000 0.116843
0.525000 0.116994
0.526000 0.117135
0.527000 0.117268
0.528000 0.117416
0.529000 0.117544
0.530000 0.117667
0.531000 0.117804
0.532000 0.117940
0.533000 0.118104
0.534000 0.118250
0.535000 0.118380
0.536000 0.118510
0.537000 0.118638
0.538000 0.118751
0.539000 0.118851
0.540000 0.118936
0.541000 0.119019
0.542000 0.119087
0.543000 0.119148
0.544000 0.119209
0.545000 0.119264
0.546000 0.119319
0.547000 0.119371
0.548000 0.119440
0.549000 0.119519
0.550000 0.119622
0.551000 0.119752
0.552000 0.119879
0.553000 0.119994
0.554000 0.120108
0.555000 0.120233
0.556000 0.120340
0.557000 0.120451
0.558000 0.120573
0.559000 0.120701
0.560000 0.120821
0.561000 0.120928
0.562000 0.121080
0.563000 0.121221
0.564000 0.121358
0.565000 0.121505
0.566000 0.121651
0.567000 0.121810
0.568000 0.121991
0.569000 0.122190
0.570000 0.122381
0.571000 0.122570
0.572000 0.122768
0.573000 0.122969
0.574000 0.123178
0.575000 0.123375
0.576000 0.123576
0.577000 0.123768
0.578000 0.123955
0.579000 0.124137
0.580000 0.124318
0.581000 0.124484
0.582000 0.124675
0.583000 0.124858
0.584000 0.125037
0.585000 0.125211
0.586000 0.125391
0.587000 0.125586
0.588000 0.125766
0.589000 0.125938
0.590000 0.126087
0.591000 0.126227
0.592000 0.126383
0.593000 0.126544
0.594000 0.126712
0.595000 0.126897
0.596000 0.127081
0.597000 0.127263
0.598000 0.127436
0.599000 0.127617
0.600000 0.127798
0.601000 0.127984
0.602000 0.128184
0.603000 0.128371
0.604000 0.128551
0.605000 0.128722
0.606000 0.128853
0.607000 0.129027
0.608000 0.129191
0.609000 0.129348
0.610000 0.129530
0.611000 0.129686
0.612000 0.129828
0.613000 0.129993
0.614000 0.130168
0.615000 0.130346
0.616000 0.130530
0.617000 0.130707
0.618000 0.130898
0.619000 0.131107
0.620000 0.131304
0.621000 0.131492
0.622000 0.131670
0.623000 0.131845
0.624000 0.132033
0.625000 0.132205
0.626000 0.132382
0.627000 0.132516
0.628000 0.132630
0.629000 0.132748
0.630000 0.132878
0.631000 0.133005
0.632000 0.133127
0.633000 0.133237
0.634000 0.133343
0.635000 0.133462
0.636000 0.133579
0.637000 0.133708
0.638000 0.133839
0.639000 0.133974
0.640000 0.134110
0.641000 0.134237
0.642000 0.134335
0.643000 0.134447
0.644000 0.134552
0.645000 0.134656
0.646000 0.134799
0.647000 0.134937
0.648000 0.135069
0.649000 0.135202
0.650000 0.135320
0.651000 0.135443
0.652000 0.135570
0.653000 0.135691
0.654000 0.135812
0.655000 0.135941
0.656000 0.136060
0.657000 0.136198
0.658000 0.136325
0.659000 0.136468
0.660000 0.136602
0.661000 0.136737
0.662000 0.136869
0.663000 0.137024
0.664000 0.137196
0.665000 0.137350
0.666000 0.137516
0.667000 0.137664
0.668000 0.137818
0.669000 0.137989
0.670000 0.138162
0.671000 0.138328
0.672000 0.138501
0.673000 0.138677
0.674000 0.138853
0.675000 0.139047
0.676000 0.139258
0.677000 0.139449
0.678000 0.139645
0.679000 0.139841
0.680000 0.140036
0.681000 0.140232
0.682000 0.140446
0.683000 0.140661
0.684000 0.140858
0.685000 0.141097
0.686000 0.141348
0.687000 0.141590
0.688000 0.141849
0.689000 0.142107
0.690000 0.142369
0.691000 0.142611
0.692000 0.142846
0.693000 0.143072
0.694000 0.143301
0.695000 0.143509
0.696000 0.143716
0.697000 0.143929
0.698000 0.144124
0.699000 0.144309
0.700000 0.144478
0.701000 0.144663
0.702000 0.144836
0.703000 0.145000
0.704000 0.145175
0.705000 0.145342
0.706000 0.145517
0.707000 0.145686
0.708000 0.145862
0.709000 0.146026
0.710000 0.146206
0.711000 0.146400
0.712000 0.146589
0.713000 0.146791
0.714000 0.146990
0.715000 0.147189
0.716000 0.147381
0.717000 0.147574
0.718000 0.147778
0.719000 0.147998
0.720000 0.148225
0.721000 0.148490
0.722000 0.148729
0.723000 0.148948
0.724000 0.149149
0.725000 0.149359
0.726000 0.149548
0.727000 0.149725
0.728000 0.149907
0.729000 0.150067
0.730000 0.150225
0.731000 0.150373
0.732000 0.150523
0.733000 0.150698
0.734000 0.150862
0.735000 0.151000
0.736000 0.151145
0.737000 0.151268
0.738000 0.151384
0.739000 0.151521
0.740000 0.151675
0.741000 0.151816
0.742000 0.151968
0.743000 0.152125
0.744000 0.152257
0.745000 0.152399
0.746000 0.152525
0.747000 0.152662
0.748000 0.152808
0.749000 0.152991
0.750000 0.153173
0.751000 0.153358
0.752000 0.153532
0.753000 0.153708
0.754000 0.153873
0.755000 0.154041
0.756000 0.154189
0.757000 0.154329
0.758000 0.154459
0.759000 0.154577
0.760000 0.154687
0.761000 0.154810
0.762000 0.154929
0.763000 0.155055
0.764000 0.155178
0.765000 0.155277
0.766000 0.155413
0.767000 0.155559
0.768000 0.155727
0.769000 0.155918
0.770000 0.156120
0.771000 0.156284
0.772000 0.156477
0.773000 0.156693
0.774000 0.156912
0.775000 0.157108
0.776000 0.157325
0.777000 0.157542
0.778000 0.157776
0.779000 0.158000
0.780000 0.158201
0.781000 0.158389
0.782000 0.158584
0.783000 0.158791
0.784000 0.159024
0.785000 0.159243
0.786000 0.159485
0.787000 0.159744
0.788000 0.160017
0.789000 0.160268
0.790000 0.160531
0.791000 0.160788
0.792000 0.161054
0.793000 0.161307
0.794000 0.161538
0.795000 0.161769
0.796000 0.162006
0.797000 0.162253
0.798000 0.162483
0.799000 0.162701
0.800000 0.162924
0.801000 0.163165
0.802000 0.163415
0.803000 0.163686
0.804000 0.163939
0.805000 0.164171
0.806000 0.164429
0.807000 0.164684
0.808000 0.164926
0.809000 0.165182
0.810000 0.165401
0.811000 0.165592
0.812000 0.165792
0.813000 0.165991
0.814000 0.166209
0.815000 0.166439
0.816000 0.166633
0.817000 0.166801
0.818000 0.166966
0.819000 0.167096
0.820000 0.167207
0.821000 0.167310
0.822000 0.167411
0.823000 0.167504
0.824000 0.167572
0.825000 0.167651
0.826000 0.167714
0.827000 0.167731
0.828000 0.167775
0.829000 0.167834
0.830000 0.167928
0.831000 0.168011
0.832000 0.168085
0.833000 0.168142
0.834000 0.168209
0.835000 0.168285
0.836000 0.168360
0.837000 0.168433
0.838000 0.168459
0.839000 0.168468
0.840000 0.168518
0.841000 0.168546
0.842000 0.168591
0.843000 0.168646
0.844000 0.168710
0.845000 0.168766
0.846000 0.168848
0.847000 0.168938
0.848000 0.169046
0.849000 0.169184
0.850000 0.169304
0.851000 0.169449
0.852000 0.169603
0.853000 0.169757
0.854000 0.169865
0.855000 0.169974
0.856000 0.170094
0.857000 0.170220
0.858000 0.170371
0.859000 0.170529
0.860000 0.170682
0.861000 0.170814
0.862000 0.170962
0.863000 0.171116
0.864000 0.171218
0.865000 0.171362
0.866000 0.171517
0.867000 0.171710
0.868000 0.171919
0.869000 0.172111
0.870000 0.172298
0.871000 0.172494
0.872000 0.172670
0.873000 0.172880
0.874000 0.173110
0.875000 0.173355
0.876000 0.173580
0.877000 0.173820
0.878000 0.174084
0.879000 0.174339
0.880000 0.174578
0.881000 0.174833
0.882000 0.175104
0.883000 0.175352
0.884000 0.175612
0.885000 0.175868
0.886000 0.176142
0.887000 0.176383
0.888000 0.176637
0.889000 0.176897
0.890000 0.177163
0.891000 0.177443
0.892000 0.177694
0.893000 0.177933
0.894000 0.178154
0.895000 0.178377
0.896000 0.178587
0.897000 0.178788
0.898000 0.178979
0.899000 0.179167
0.900000 0.179370
0.901000 0.179570
0.902000 0.179788
0.903000 0.180010
0.904000 0.180263
0.905000 0.180530
0.906000 0.180779
0.907000 0.181037
0.908000 0.181267
0.909000 0.181535
0.910000 0.181791
0.911000 0.182015
0.912000 0.182211
0.913000 0.182407
0.914000 0.182614
0.915000 0.182819
0.916000 0.183044
0.917000 0.183260
0.918000 0.183467
0.919000 0.183709
0.920000 0.183933
0.921000 0.184178
0.922000 0.184403
0.923000 0.184604
0.924000 0.184782
0.925000 0.184933
0.926000 0.185059
0.927000 0.185178
0.928000 0.185303
0.929000 0.185434
0.930000 0.185570
0.931000 0.185682
0.932000 0.185808
0.933000 0.185931
0.934000 0.186059
0.935000 0.186172
0.936000 0.186297
0.937000 0.186418
0.938000 0.186553
0.939000 0.186670
0.940000 0.186815
0.941000 0.186966
0.942000 0.187136
0.943000 0.187279
0.944000 0.187369
0.945000 0.187478
0.946000 0.187610
0.947000 0.187721
0.948000 0.187859
0.949000 0.187978
0.950000 0.188144
0.951000 0.188332
0.952000 0.188531
0.953000 0.188719
0.954000 0.188896
0.955000 0.189097
0.956000 0.189285
0.957000 0.189447
0.958000 0.189592
0.959000 0.189761
0.960000 0.189933
0.961000 0.190124
0.962000 0.190322
0.963000 0.190527
0.964000 0.190745
0.965000 0.190947
0.966000 0.191120
0.967000 0.191304
0.968000 0.191506
0.969000 0.191690
0.970000 0.191887
0.971000 0.192070
0.972000 0.192237
0.973000 0.192422
0.974000 0.192592
0.975000 0.192788
0.976000 0.192987
0.977000 0.193223
0.978000 0.193429
0.979000 0.193643
0.980000 0.193826
0.981000 0.194021
0.982000 0.194197
0.983000 0.194369
0.984000 0.194527
0.985000 0.194682
0.986000 0.194838
0.987000 0.195023
0.988000 0.195187
0.989000 0.195324
0.990000 0.195444
0.991000 0.195563
0.992000 0.195671
0.993000 0.195808
0.994000 0.195957
0.995000 0.196134
0.996000 0.196319
0.997000 0.196510
0.998000 0.196712
0.999000 0.196905
1.000000 0.197087
1.001000 0.197253
1.002000 0.197407
1.003000 0.197561
1.004000 0.197734
1.005000 0.197931
1.006000 0.198121
1.007000 0.198306
1.008000 0.198485
1.009000 0.198671
1.010000 0.198833
1.011000 0.199022
1.012000 0.199228
1.013000 0.199436
1.014000 0.199671
1.015000 0.199918
1.016000 0.200113
1.017000 0.200338
1.018000 0.200537
1.019000 0.200705
1.020000 0.200885
1.021000 0.201071
1.022000 0.201275
1.023000 0.201509
1.024000 0.201768
1.025000 0.202031
1.026000 0.202284
1.027000 0.202499
1.028000 0.202689
1.029000 0.202878
1.030000 0.203057
1.031000 0.203221
1.032000 0.203391
1.033000 0.203562
1.034000 0.203714
1.035000 0.203883
1.036000 0.204036
1.037000 0.204206
1.038000 0.204384
1.039000 0.204566
1.040000 0.204744
1.041000 0.204900
1.042000 0.205038
1.043000 0.205169
1.044000 0.205288
1.045000 0.205430
1.046000 0.205593
1.047000 0.205738
1.048000 0.205916
1.049000 0.206108
1.050000 0.206305
1.051000 0.206507
1.052000 0.206689
1.053000 0.206872
1.054000 0.207035
1.055000 0.207220
1.056000 0.207390
1.057000 0.207559
1.058000 0.207725
1.059000 0.207895
1.060000 0.208080
1.061000 0.208253
1.062000 0.208456
1.063000 0.208653
1.064000 0.208796
1.065000 0.208969
1.066000 0.209140
1.067000 0.209313
1.068000 0.209497
1.069000 0.209665
1.070000 0.209861
1.071000 0.210065
1.072000 0.210281
1.073000 0.210489
1.074000 0.210680
1.075000 0.210863
1.076000 0.211038
1.077000 0.211160
1.078000 0.211275
1.079000 0.211384
1.080000 0.211516
1.081000 0.211626
1.082000 0.211769
1.083000 0.211904
1.084000 0.212024
1.085000 0.212145
1.086000 0.212254
1.087000 0.212342
1.088000 0.212411
1.089000 0.212492
1.090000 0.212560
1.091000 0.212613
1.092000 0.212661
1.093000 0.212697
1.094000 0.212757
1.095000 0.212800
1.096000 0.212856
1.097000 0.212893
1.098000 0.212969
1.099000 0.213037
1.100000 0.213130
1.101000 0.213206
1.102000 0.213280
1.103000 0.213370
1.104000 0.213472
1.105000 0.213574
1.106000 0.213686
1.107000 0.213766
1.108000 0.213845
1.109000 0.213946
1.110000 0.214060
1.111000 0.214181
1.112000 0.214315
1.113000 0.214425
1.114000 0.214550
1.115000 0.214658
1.116000 0.214746
1.117000 0.214851
1.118000 0.214909
1.119000 0.214976
1.120000 0.215015
1.121000 0.215013
1.122000 0.215013
1.123000 0.215062
1.124000 0.215106
1.125000 0.215158
1.126000 0.215194
1.127000 0.215240
1.128000 0.215314
1.129000 0.215380
1.130000 0.215401
1.131000 0.215413
1.132000 0.215425
1.133000 0.215488
1.134000 0.215552
1.135000 0.215614
1.136000 0.215664
1.137000 0.215701
1.138000 0.215742
1.139000 0.215797
1.140000 0.215857
1.141000 0.215924
1.142000 0.216015
1.143000 0.216115
1.144000 0.216223
1.145000 0.216358
1.146000 0.216470
1.147000 0.216559
1.148000 0.216642
1.149000 0.216684
1.150000 0.216721
1.151000 0.216763
1.152000 0.216825
1.153000 0.216880
1.154000 0.216940
1.155000 0.216991
1.156000 0.217042
1.157000 0.217060
1.158000 0.217152
1.159000 0.217238
1.160000 0.217314
1.161000 0.217370
1.162000 0.217441
1.163000 0.217541
1.164000 0.217642
1.165000 0.217741
1.166000 0.217860
1.167000 0.217970
1.168000 0.218096
1.169000 0.218235
1.170000 0.218357
1.171000 0.218462
1.172000 0.218564
1.173000 0.218681
1.174000 0.218823
1.175000 0.219006
1.176000 0.219188
1.177000 0.219351
1.178000 0.219514
1.179000 0.219688
1.180000 0.219872
1.181000 0.220028
1.182000 0.220189
1.183000 0.220335
1.184000 0.220503
1.185000 0.220661
1.186000 0.220793
1.187000 0.220918
1.188000 0.221024
1.189000 0.221127
1.190000 0.221263
1.191000 0.221434
1.192000 0.221594
1.193000 0.221747
1.194000 0.221877
1.195000 0.222014
1.196000 0.222178
1.197000 0.222336
1.198000 0.222541
1.199000 0.222743
1.200000 0.222970
1.201000 0.223230
1.202000 0.223506
1.203000 0.223753
1.204000 0.223976
1.205000 0.224185
1.206000 0.224389
1.207000 0.224603
1.208000 0.224791
1.209000 0.224972
1.210000 0.225163
1.211000 0.225356
1.212000 0.225547
1.213000 0.225743
1.214000 0.225926
1.215000 0.226115
1.216000 0.226340
1.217000 0.226552
1.218000 0.226744
1.219000 0.226940
1.220000 0.227160
1.221000 0.227357
1.222000 0.227526
1.223000 0.227739
1.224000 0.227914
1.225000 0.228061
1.226000 0.228175
1.227000 0.228286
1.228000 0.228424
1.229000 0.228560
1.230000 0.228702
1.231000 0.228834
1.232000 0.228980
1.233000 0.229111
1.234000 0.229234
1.235000 0.229375
1.236000 0.229540
1.237000 0.229694
1.238000 0.229844
1.239000 0.229984
1.240000 0.230143
1.241000 0.230322
1.242000 0.230506
1.243000 0.230696
1.244000 0.230874
1.245000 0.230994
1.246000 0.231089
1.247000 0.231191
1.248000 0.231297
1.249000 0.231388
1.250000 0.231498
1.251000 0.231603
1.252000 0.231707
1.253000 0.231875
1.254000 0.232043
1.255000 0.232243
1.256000 0.232395
1.257000 0.232597
1.258000 0.232752
1.259000 0.232877
1.260000 0.233007
1.261000 0.233122
1.262000 0.233273
1.263000 0.233451
1.264000 0.233623
1.265000 0.233825
1.266000 0.234013
1.267000 0.234220
1.268000 0.234438
1.269000 0.234657
1.270000 0.234855
1.271000 0.235058
1.272000 0.235275
1.273000 0.235483
1.274000 0.235687
1.275000 0.235895
1.276000 0.236084
1.277000 0.236279
1.278000 0.236479
1.279000 0.236702
1.280000 0.236867
1.281000 0.237032
1.282000 0.237199
1.283000 0.237378
1.284000 0.237589
1.285000 0.237785
1.286000 0.237974
1.287000 0.238183
1.288000 0.238386
1.289000 0.238575
1.290000 0.238749
1.291000 0.238944
1.292000 0.239190
1.293000 0.239429
1.294000 0.239656
1.295000 0.239866
1.296000 0.240065
1.297000 0.240276
1.298000 0.240460
1.299000 0.240614
1.300000 0.240770
1.301000 0.240872
1.302000 0.240973
1.303000 0.241099
1.304000 0.241179
1.305000 0.241246
1.306000 0.241355
1.307000 0.241406
1.308000 0.241477
1.309000 0.241563
1.310000 0.241660
1.311000 0.241730
1.312000 0.241776
1.313000 0.241825
1.314000 0.241842
1.315000 0.241873
1.316000 0.241909
1.317000 0.241974
1.318000 0.242042
1.319000 0.242100
1.320000 0.242144
1.321000 0.242193
1.322000 0.242241
1.323000 0.242302
1.324000 0.242361
1.325000 0.242406
1.326000 0.242465
1.327000 0.242541
1.328000 0.242648
1.329000 0.242759
1.330000 0.242883
1.331000 0.243001
1.332000 0.243105
1.333000 0.243206
1.334000 0.243309
1.335000 0.243452
1.336000 0.243598
1.337000 0.243772
1.338000 0.243937
1.339000 0.244119
1.340000 0.244343
1.341000 0.244569
1.342000 0.244779
1.343000 0.245008
1.344000 0.245224
1.345000 0.245443
1.346000 0.245682
1.347000 0.245945
1.348000 0.246228
1.349000 0.246520
1.350000 0.246790
1.351000 0.247046
1.352000 0.247279
1.353000 0.247465
1.354000 0.247670
1.355000 0.247888
1.356000 0.248092
1.357000 0.248304
1.358000 0.248560
1.359000 0.248824
1.360000 0.249071
1.361000 0.249328
1.362000 0.249612
1.363000 0.249880
1.364000 0.250133
1.365000 0.250370
1.366000 0.250619
1.367000 0.250860
1.368000 0.251055
1.369000 0.251224
1.370000 0.251388
1.371000 0.251575
1.372000 0.251757
1.373000 0.251949
1.374000 0.252134
1.375000 0.252336
1.376000 0.252517
1.377000 0.252715
1.378000 0.252952
1.379000 0.253194
1.380000 0.253470
1.381000 0.253687
1.382000 0.253888
1.383000 0.254073
1.384000 0.254265
1.385000 0.254451
1.386000 0.254661
1.387000 0.254874
1.388000 0.255109
1.389000 0.255346
1.390000 0.255560
1.391000 0.255779
1.392000 0.255981
1.393000 0.256190
1.394000 0.256361
1.395000 0.256546
1.396000 0.256751
1.397000 0.256976
1.398000 0.257224
1.399000 0.257458
1.400000 0.257651
1.401000 0.257809
1.402000 0.257982
1.403000 0.258118
1.404000 0.258233
1.405000 0.258348
1.406000 0.258465
1.407000 0.258623
1.408000 0.258786
1.409000 0.258930
1.410000 0.259084
1.411000 0.259265
1.412000 0.259459
1.413000 0.259658
1.414000 0.259816
1.415000 0.259922
1.416000 0.260026
1.417000 0.260134
1.418000 0.260262
1.419000 0.260389
1.420000 0.260481
1.421000 0.260563
1.422000 0.260657
1.423000 0.260752
1.424000 0.260871
1.425000 0.260996
1.426000 0.261125
1.427000 0.261254
1.428000 0.261388
1.429000 0.261503
1.430000 0.261621
1.431000 0.261722
1.432000 0.261821
1.433000 0.261920
1.434000 0.262015
1.435000 0.262122
1.436000 0.262238
1.437000 0.262359
1.438000 0.262462
1.439000 0.262584
1.440000 0.262713
1.441000 0.262842
1.442000 0.262969
1.443000 0.263122
1.444000 0.263273
1.445000 0.263454
1.446000 0.263611
1.447000 0.263740
1.448000 0.263874
1.449000 0.263978
1.450000 0.264103
1.451000 0.264236
1.452000 0.264396
1.453000 0.264554
1.454000 0.264724
1.455000 0.264903
1.456000 0.265067
1.457000 0.265227
1.458000 0.265362
1.459000 0.265495
1.460000 0.265643
1.461000 0.265811
1.462000 0.265998
1.463000 0.266183
1.464000 0.266407
1.465000 0.266593
1.466000 0.266796
1.467000 0.267012
1.468000 0.267214
1.469000 0.267398
1.470000 0.267605
1.471000 0.267808
1.472000 0.268035
1.473000 0.268243
1.474000 0.268445
1.475000 0.268637
1.476000 0.268787
1.477000 0.268946
1.478000 0.269089
1.479000 0.269242
1.480000 0.269440
1.481000 0.269661
1.482000 0.269853
1.483000 0.270021
1.484000 0.270177
1.485000 0.270354
1.486000 0.270508
1.487000 0.270661
1.488000 0.270814
1.489000 0.270961
1.490000 0.271102
1.491000 0.271207
1.492000 0.271314
1.493000 0.271415
1.494000 0.271518
1.495000 0.271645
1.496000 0.271807
1.497000 0.271956
1.498000 0.272082
1.499000 0.272169
1.500000 0.272272
1.501000 0.272365
1.502000 0.272481
1.503000 0.272611
1.504000 0.272759
1.505000 0.272902
1.506000 0.273051
1.507000 0.273227
1.508000 0.273402
1.509000 0.273589
1.510000 0.273814
1.511000 0.274055
1.512000 0.274290
1.513000 0.274534
1.514000 0.274756
1.515000 0.274974
1.516000 0.275212
1.517000 0.275431
1.518000 0.275633
1.519000 0.275806
1.520000 0.275960
1.521000 0.276105
1.522000 0.276293
1.523000 0.276485
1.524000 0.276668
1.525000 0.276852
1.526000 0.277038
1.527000 0.277164
1.528000 0.277284
1.529000 0.277395
1.530000 0.277481
1.531000 0.277551
1.532000 0.277636
1.533000 0.277732
1.534000 0.277834
1.535000 0.277945
1.536000 0.278117
1.537000 0.278278
1.538000 0.278458
1.539000 0.278643
1.540000 0.278825
1.541000 0.279052
1.542000 0.279296
1.543000 0.279504
1.544000 0.279737
1.545000 0.279981
1.546000 0.280159
1.547000 0.280331
1.548000 0.280498
1.549000 0.280642
1.550000 0.280774
1.551000 0.280873
1.552000 0.281015
1.553000 0.281134
1.554000 0.281266
1.555000 0.281418
1.556000 0.281566
1.557000 0.281746
1.558000 0.281916
1.559000 0.282090
1.560000 0.282264
1.561000 0.282425
1.562000 0.282539
1.563000 0.282661
1.564000 0.282777
1.565000 0.282887
1.566000 0.283009
1.567000 0.283145
1.568000 0.283327
1.569000 0.283557
1.570000 0.283793
1.571000 0.284015
1.572000 0.284231
1.573000 0.284445
1.574000 0.284645
1.575000 0.284839
1.576000 0.284986
1.577000 0.285131
1.578000 0.285293
1.579000 0.285453
1.580000 0.285607
1.581000 0.285784
1.582000 0.285974
1.583000 0.286198
1.584000 0.286413
1.585000 0.286603
1.586000 0.286729
1.587000 0.286877
1.588000 0.287055
1.589000 0.287243
1.590000 0.287454
1.591000 0.287688
1.592000 0.287939
1.593000 0.288179
1.594000 0.288389
1.595000 0.288593
1.596000 0.288824
1.597000 0.289058
1.598000 0.289271
1.599000 0.289470
1.600000 0.289688
1.601000 0.289905
1.602000 0.290071
1.603000 0.290251
1.604000 0.290452
1.605000 0.290618
1.606000 0.290792
1.607000 0.291001
1.608000 0.291159
1.609000 0.291308
1.610000 0.291469
1.611000 0.291645
1.612000 0.291782
1.613000 0.291910
1.614000 0.292047
1.615000 0.292175
1.616000 0.292327
1.617000 0.292483
1.618000 0.292660
1.619000 0.292836
1.620000 0.292983
1.621000 0.293124
1.622000 0.293296
1.623000 0.293477
1.624000 0.293679
1.625000 0.293912
1.626000 0.294126
1.627000 0.294325
1.628000 0.294506
1.629000 0.294681
1.630000 0.294819
1.631000 0.294977
1.632000 0.295149
1.633000 0.295321
1.634000 0.295451
1.635000 0.295610
1.636000 0.295746
1.637000 0.295873
1.638000 0.296001
1.639000 0.296123
1.640000 0.296267
1.641000 0.296410
1.642000 0.296520
1.643000 0.296642
1.644000 0.296779
1.645000 0.296921
1.646000 0.297047
1.647000 0.297170
1.648000 0.297307
1.649000 0.297444
1.650000 0.297573
1.651000 0.297695
1.652000 0.297821
1.653000 0.297914
1.654000 0.297998
1.655000 0.298137
1.656000 0.298271
1.657000 0.298370
1.658000 0.298462
1.659000 0.298557
1.660000 0.298657
1.661000 0.298796
1.662000 0.298932
1.663000 0.299080
1.664000 0.299251
1.665000 0.299438
1.666000 0.299635
1.667000 0.299845
1.668000 0.300046
1.669000 0.300265
1.670000 0.300459
1.671000 0.300644
1.672000 0.300856
1.673000 0.301072
1.674000 0.301314
1.675000 0.301519
1.676000 0.301692
1.677000 0.301866
1.678000 0.302069
1.679000 0.302254
1.680000 0.302413
1.681000 0.302602
1.682000 0.302799
1.683000 0.302983
1.684000 0.303175
1.685000 0.303385
1.686000 0.303574
1.687000 0.303767
1.688000 0.303964
1.689000 0.304148
1.690000 0.304348
1.691000 0.304571
1.692000 0.304762
1.693000 0.304942
1.694000 0.305115
1.695000 0.305300
1.696000 0.305496
1.697000 0.305673
1.698000 0.305858
1.699000 0.306079
1.700000 0.306303
1.701000 0.306531
1.702000 0.306759
1.703000 0.306958
1.704000 0.307192
1.705000 0.307406
1.706000 0.307617
1.707000 0.307841
1.708000 0.308056
1.709000 0.308285
1.710000 0.308501
1.711000 0.308706
1.712000 0.308921
1.713000 0.309132
1.714000 0.309333
1.715000 0.309493
1.716000 0.309682
1.717000 0.309852
1.718000 0.310001
1.719000 0.310147
1.720000 0.310288
1.721000 0.310407
1.722000 0.310516
1.723000 0.310635
1.724000 0.310721
1.725000 0.310782
1.726000 0.310881
1.727000 0.310961
1.728000 0.311054
1.729000 0.311176
1.730000 0.311262
1.731000 0.311401
1.732000 0.311544
1.733000 0.311664
1.734000 0.311782
1.735000 0.311926
1.736000 0.312071
1.737000 0.312233
1.738000 0.312353
1.739000 0.312462
1.740000 0.312592
1.741000 0.312745
1.742000 0.312869
1.743000 0.312983
1.744000 0.313088
1.745000 0.313177
1.746000 0.313253
1.747000 0.313344
1.748000 0.313476
1.749000 0.313638
1.750000 0.313827
1.751000 0.313977
1.752000 0.314139
1.753000 0.314300
1.754000 0.314454
1.755000 0.314625
1.756000 0.314784
1.757000 0.314930
1.758000 0.315077
1.759000 0.315242
1.760000 0.315393
1.761000 0.315536
1.762000 0.315697
1.763000 0.315845
1.764000 0.315966
1.765000 0.316115
1.766000 0.316275
1.767000 0.316431
1.768000 0.316609
1.769000 0.316808
1.770000 0.317023
1.771000 0.317257
1.772000 0.317496
1.773000 0.317747
1.774000 0.317976
1.775000 0.318211
1.776000 0.318419
1.777000 0.318635
1.778000 0.318894
1.779000 0.319162
1.780000 0.319436
1.781000 0.319687
1.782000 0.319951
1.783000 0.320237
1.784000 0.320505
1.785000 0.320783
1.786000 0.321053
1.787000 0.321337
1.788000 0.321627
1.789000 0.321937
1.790000 0.322259
1.791000 0.322590
1.792000 0.322862
1.793000 0.323127
1.794000 0.323375
1.795000 0.323644
1.796000 0.323907
1.797000 0.324172
1.798000 0.324484
1.799000 0.324786
1.800000 0.325066
1.801000 0.325301
1.802000 0.325510
1.803000 0.325744
1.804000 0.325938
1.805000 0.326156
1.806000 0.326400
1.807000 0.326609
1.808000 0.326811
1.809000 0.326992
1.810000 0.327187
1.811000 0.327374
1.812000 0.327589
1.813000 0.327825
1.814000 0.328054
1.815000 0.328333
1.816000 0.328597
1.817000 0.328866
1.818000 0.329076
1.819000 0.329303
1.820000 0.329523
1.821000 0.329724
1.822000 0.329959
1.823000 0.330213
1.824000 0.330478
1.825000 0.330739
1.826000 0.330983
1.827000 0.331204
1.828000 0.331407
1.829000 0.331579
1.830000 0.331768
1.831000 0.331965
1.832000 0.332168
1.833000 0.332345
1.834000 0.332491
1.835000 0.332563
1.836000 0.332653
1.837000 0.332753
1.838000 0.332865
1.839000 0.333002
1.840000 0.333088
1.841000 0.333229
1.842000 0.333338
1.843000 0.333499
1.844000 0.333667
1.845000 0.333827
1.846000 0.333981
1.847000 0.334153
1.848000 0.334319
1.849000 0.334474
1.850000 0.334600
1.851000 0.334668
1.852000 0.334775
1.853000 0.334919
1.854000 0.335074
1.855000 0.335252
1.856000 0.335428
1.857000 0.335593
1.858000 0.335749
1.859000 0.335877
1.860000 0.336028
1.861000 0.336210
1.862000 0.336415
1.863000 0.336642
1.864000 0.336899
1.865000 0.337109
1.866000 0.337314
1.867000 0.337526
1.868000 0.337737
1.869000 0.337975
1.870000 0.338175
1.871000 0.338404
1.872000 0.338600
1.873000 0.338805
1.874000 0.338992
1.875000 0.339205
1.876000 0.339379
1.877000 0.339545
1.878000 0.339734
1.879000 0.339937
1.880000 0.340071
1.881000 0.340219
1.882000 0.340345
1.883000 0.340522
1.884000 0.340651
1.885000 0.340799
1.886000 0.340911
1.887000 0.341007
1.888000 0.341111
1.889000 0.341150
1.890000 0.341202
1.891000 0.341237
1.892000 0.341327
1.893000 0.341441
1.894000 0.341539
1.895000 0.341623
1.896000 0.341702
1.897000 0.341770
1.898000 0.341811
1.899000 0.341866
1.900000 0.341930
1.901000 0.342008
1.902000 0.342073
1.903000 0.342172
1.904000 0.342263
1.905000 0.342350
1.906000 0.342441
1.907000 0.342515
1.908000 0.342578
1.909000 0.342650
1.910000 0.342677
1.911000 0.342716
1.912000 0.342765
1.913000 0.342857
1.914000 0.342952
1.915000 0.343046
1.916000 0.343127
1.917000 0.343220
1.918000 0.343351
1.919000 0.343509
1.920000 0.343668
1.921000 0.343852
1.922000 0.344058
1.923000 0.344260
1.924000 0.344466
1.925000 0.344643
1.926000 0.344837
1.927000 0.345040
1.928000 0.345253
1.929000 0.345457
1.930000 0.345638
1.931000 0.345820
1.932000 0.345977
1.933000 0.346171
1.934000 0.346365
1.935000 0.346553
1.936000 0.346736
1.937000 0.346868
1.938000 0.347030
1.939000 0.347204
1.940000 0.347350
1.941000 0.347474
1.942000 0.347606
1.943000 0.347757
1.944000 0.347919
1.945000 0.348097
1.946000 0.348309
1.947000 0.348505
1.948000 0.348677
1.949000 0.348844
1.950000 0.349041
1.951000 0.349245
1.952000 0.349477
1.953000 0.349673
1.954000 0.349841
1.955000 0.350033
1.956000 0.350223
1.957000 0.350413
1.958000 0.350553
1.959000 0.350667
1.960000 0.350775
1.961000 0.350869
1.962000 0.350963
1.963000 0.351102
1.964000 0.351220
1.965000 0.351308
1.966000 0.351387
1.967000 0.351455
1.968000 0.351529
1.969000 0.351653
1.970000 0.351764
1.971000 0.351856
1.972000 0.351919
1.973000 0.351957
1.974000 0.352014
1.975000 0.352053
1.976000 0.352129
1.977000 0.352201
1.978000 0.352207
1.979000 0.352245
1.980000 0.352305
1.981000 0.352374
1.982000 0.352431
1.983000 0.352483
1.984000 0.352554
1.985000 0.352597
1.986000 0.352652
1.987000 0.352715
1.988000 0.352797
1.989000 0.352920
1.990000 0.353048
1.991000 0.353168
1.992000 0.353296
1.993000 0.353443
1.994000 0.353567
1.995000 0.353694
1.996000 0.353855
1.997000 0.354034
1.998000 0.354150
1.999000 0.354260
