2048
800.000000
0.000000 0.000000
0.001000 0.000020
0.002000 0.000080
0.003000 0.000179
0.004000 0.000318
0.005000 0.000497
0.006000 0.000715
0.007000 0.000973
0.008000 0.001269
0.009000 0.001603
0.010000 0.001975
0.011000 0.002383
0.012000 0.002828
0.013000 0.003309
0.014000 0.003824
0.015000 0.004374
0.016000 0.004956
0.017000 0.005570
0.018000 0.006215
0.019000 0.006890
0.020000 0.007595
0.021000 0.008326
0.022000 0.009085
0.023000 0.009870
0.024000 0.010679
0.025000 0.011512
0.026000 0.012368
0.027000 0.013246
0.028000 0.014144
0.029000 0.015063
0.030000 0.016000
0.031000 0.016956
0.032000 0.017929
0.033000 0.018919
0.034000 0.019924
0.035000 0.020944
0.036000 0.021977
0.037000 0.023023
0.038000 0.024081
0.039000 0.025150
0.040000 0.026229
0.041000 0.027318
0.042000 0.028415
0.043000 0.029521
0.044000 0.030633
0.045000 0.031753
0.046000 0.032879
0.047000 0.034011
0.048000 0.035148
0.049000 0.036290
0.050000 0.037437
0.051000 0.038588
0.052000 0.039742
0.053000 0.040900
0.054000 0.042061
0.055000 0.043224
0.056000 0.044390
0.057000 0.045557
0.058000 0.046725
0.059000 0.047895
0.060000 0.049065
0.061000 0.050235
0.062000 0.051406
0.063000 0.052576
0.064000 0.053747
0.065000 0.054917
0.066000 0.056087
0.067000 0.057257
0.068000 0.058426
0.069000 0.059595
0.070000 0.060764
0.071000 0.061933
0.072000 0.063101
0.073000 0.064269
0.074000 0.065436
0.075000 0.066603
0.076000 0.067770
0.077000 0.068936
0.078000 0.070101
0.079000 0.071266
0.080000 0.072429
0.081000 0.073592
0.082000 0.074754
0.083000 0.075914
0.084000 0.077073
0.085000 0.078231
0.086000 0.079387
0.087000 0.080541
0.088000 0.081693
0.089000 0.082843
0.090000 0.083991
0.091000 0.085137
0.092000 0.086280
0.093000 0.087421
0.094000 0.088560
0.095000 0.089696
0.096000 0.090829
0.097000 0.091959
0.098000 0.093086
0.099000 0.094210
0.100000 0.095331
0.101000 0.096448
0.102000 0.097562
0.103000 0.098673
0.104000 0.099781
0.105000 0.100885
0.106000 0.101987
0.107000 0.103087
0.108000 0.104184
0.109000 0.105279
0.110000 0.106373
0.111000 0.107466
0.112000 0.108558
0.113000 0.109649
0.114000 0.110740
0.115000 0.111831
0.116000 0.112922
0.117000 0.114013
0.118000 0.115104
0.119000 0.116197
0.120000 0.117290
0.121000 0.118384
0.122000 0.119480
0.123000 0.120577
0.124000 0.121676
0.125000 0.122776
0.126000 0.123879
0.127000 0.124983
0.128000 0.126091
0.129000 0.127200
0.130000 0.128313
0.131000 0.129429
0.132000 0.130548
0.133000 0.131670
0.134000 0.132796
0.135000 0.133926
0.136000 0.135061
0.137000 0.136199
0.138000 0.137342
0.139000 0.138490
0.140000 0.139642
0.141000 0.140799
0.142000 0.141960
0.143000 0.143127
0.144000 0.144298
0.145000 0.145474
0.146000 0.146654
0.147000 0.147839
0.148000 0.149028
0.149000 0.150221
0.150000 0.151418
0.151000 0.152619
0.152000 0.153824
0.153000 0.155031
0.154000 0.156242
0.155000 0.157456
0.156000 0.158672
0.157000 0.159890
0.158000 0.161110
0.159000 0.162333
0.160000 0.163556
0.161000 0.164781
0.162000 0.166007
0.163000 0.167233
0.164000 0.168461
0.165000 0.169688
0.166000 0.170916
0.167000 0.172143
0.168000 0.173370
0.169000 0.174596
0.170000 0.175822
0.171000 0.177047
0.172000 0.178270
0.173000 0.179493
0.174000 0.180714
0.175000 0.181934
0.176000 0.183152
0.177000 0.184369
0.178000 0.185585
0.179000 0.186799
0.180000 0.188012
0.181000 0.189223
0.182000 0.190433
0.183000 0.191642
0.184000 0.192850
0.185000 0.194056
0.186000 0.195262
0.187000 0.196466
0.188000 0.197670
0.189000 0.198873
0.190000 0.200075
0.191000 0.201275
0.192000 0.202476
0.193000 0.203675
0.194000 0.204874
0.195000 0.206072
0.196000 0.207269
0.197000 0.208466
0.198000 0.209662
0.199000 0.210858
0.200000 0.212054
0.201000 0.213250
0.202000 0.214445
0.203000 0.215640
0.204000 0.216834
0.205000 0.218029
0.206000 0.219223
0.207000 0.220416
0.208000 0.221610
0.209000 0.222803
0.210000 0.223995
0.211000 0.225187
0.212000 0.226379
0.213000 0.227570
0.214000 0.228760
0.215000 0.229951
0.216000 0.231141
0.217000 0.232331
0.218000 0.233520
0.219000 0.234710
0.220000 0.235899
0.221000 0.237088
0.222000 0.238277
0.223000 0.239466
0.224000 0.240654
0.225000 0.241842
0.226000 0.243029
0.227000 0.244215
0.228000 0.245401
0.229000 0.246587
0.230000 0.247773
0.231000 0.248958
0.232000 0.250143
0.233000 0.251330
0.234000 0.252516
0.235000 0.253704
0.236000 0.254893
0.237000 0.256083
0.238000 0.257275
0.239000 0.258469
0.240000 0.259665
0.241000 0.260864
0.242000 0.262064
0.243000 0.263267
0.244000 0.264472
0.245000 0.265680
0.246000 0.266890
0.247000 0.268103
0.248000 0.269318
0.249000 0.270535
0.250000 0.271754
0.251000 0.272975
0.252000 0.274198
0.253000 0.275422
0.254000 0.276647
0.255000 0.277872
0.256000 0.279098
0.257000 0.280324
0.258000 0.281550
0.259000 0.282776
0.260000 0.284002
0.261000 0.285227
0.262000 0.286452
0.263000 0.287676
0.264000 0.288900
0.265000 0.290124
0.266000 0.291347
0.267000 0.292569
0.268000 0.293790
0.269000 0.295010
0.270000 0.296229
0.271000 0.297446
0.272000 0.298661
0.273000 0.299873
0.274000 0.301082
0.275000 0.302288
0.276000 0.303490
0.277000 0.304688
0.278000 0.305880
0.279000 0.307068
0.280000 0.308251
0.281000 0.309429
0.282000 0.310602
0.283000 0.311769
0.284000 0.312932
0.285000 0.314091
0.286000 0.315245
0.287000 0.316396
0.288000 0.317544
0.289000 0.318689
0.290000 0.319832
0.291000 0.320972
0.292000 0.322111
0.293000 0.323249
0.294000 0.324386
0.295000 0.325522
0.296000 0.326658
0.297000 0.327795
0.298000 0.328932
0.299000 0.330069
0.300000 0.331209
0.301000 0.332350
0.302000 0.333493
0.303000 0.334639
0.304000 0.335788
0.305000 0.336940
0.306000 0.338096
0.307000 0.339256
0.308000 0.340420
0.309000 0.341589
0.310000 0.342761
0.311000 0.343939
0.312000 0.345120
0.313000 0.346307
0.314000 0.347497
0.315000 0.348692
0.316000 0.349892
0.317000 0.351096
0.318000 0.352305
0.319000 0.353518
0.320000 0.354735
0.321000 0.355957
0.322000 0.357184
0.323000 0.358415
0.324000 0.359650
0.325000 0.360890
0.326000 0.362134
0.327000 0.363381
0.328000 0.364633
0.329000 0.365889
0.330000 0.367148
0.331000 0.368410
0.332000 0.369675
0.333000 0.370944
0.334000 0.372215
0.335000 0.373489
0.336000 0.374766
0.337000 0.376046
0.338000 0.377328
0.339000 0.378614
0.340000 0.379903
0.341000 0.381195
0.342000 0.382491
0.343000 0.383790
0.344000 0.385093
0.345000 0.386399
0.346000 0.387709
0.347000 0.389023
0.348000 0.390341
0.349000 0.391663
0.350000 0.392988
0.351000 0.394317
0.352000 0.395650
0.353000 0.396987
0.354000 0.398328
0.355000 0.399672
0.356000 0.401020
0.357000 0.402372
0.358000 0.403726
0.359000 0.405084
0.360000 0.406445
0.361000 0.407809
0.362000 0.409174
0.363000 0.410542
0.364000 0.411912
0.365000 0.413283
0.366000 0.414656
0.367000 0.416030
0.368000 0.417405
0.369000 0.418781
0.370000 0.420158
0.371000 0.421536
0.372000 0.422915
0.373000 0.424296
0.374000 0.425678
0.375000 0.427061
0.376000 0.428446
0.377000 0.429832
0.378000 0.431220
0.379000 0.432611
0.380000 0.434002
0.381000 0.435396
0.382000 0.436792
0.383000 0.438190
0.384000 0.439591
0.385000 0.440993
0.386000 0.442397
0.387000 0.443802
0.388000 0.445209
0.389000 0.446617
0.390000 0.448026
0.391000 0.449435
0.392000 0.450843
0.393000 0.452251
0.394000 0.453656
0.395000 0.455059
0.396000 0.456458
0.397000 0.457854
0.398000 0.459244
0.399000 0.460629
0.400000 0.462008
0.401000 0.463380
0.402000 0.464744
0.403000 0.466100
0.404000 0.467449
0.405000 0.468788
0.406000 0.470119
0.407000 0.471441
0.408000 0.472754
0.409000 0.474057
0.410000 0.475352
0.411000 0.476638
0.412000 0.477914
0.413000 0.479181
0.414000 0.480440
0.415000 0.481688
0.416000 0.482928
0.417000 0.484158
0.418000 0.485379
0.419000 0.486591
0.420000 0.487794
0.421000 0.488988
0.422000 0.490174
0.423000 0.491352
0.424000 0.492523
0.425000 0.493686
0.426000 0.494844
0.427000 0.495995
0.428000 0.497142
0.429000 0.498284
0.430000 0.499421
0.431000 0.500556
0.432000 0.501687
0.433000 0.502815
0.434000 0.503942
0.435000 0.505067
0.436000 0.506190
0.437000 0.507312
0.438000 0.508433
0.439000 0.509553
0.440000 0.510673
0.441000 0.511791
0.442000 0.512909
0.443000 0.514026
0.444000 0.515141
0.445000 0.516256
0.446000 0.517368
0.447000 0.518480
0.448000 0.519589
0.449000 0.520697
0.450000 0.521804
0.451000 0.522908
0.452000 0.524012
0.453000 0.525113
0.454000 0.526214
0.455000 0.527313
0.456000 0.528412
0.457000 0.529509
0.458000 0.530606
0.459000 0.531702
0.460000 0.532798
0.461000 0.533893
0.462000 0.534987
0.463000 0.536081
0.464000 0.537174
0.465000 0.538266
0.466000 0.539357
0.467000 0.540448
0.468000 0.541538
0.469000 0.542626
0.470000 0.543714
0.471000 0.544802
0.472000 0.545889
0.473000 0.546976
0.474000 0.548064
0.475000 0.549151
0.476000 0.550239
0.477000 0.551327
0.478000 0.552416
0.479000 0.553505
0.480000 0.554595
0.481000 0.555687
0.482000 0.556779
0.483000 0.557873
0.484000 0.558969
0.485000 0.560066
0.486000 0.561167
0.487000 0.562269
0.488000 0.563375
0.489000 0.564484
0.490000 0.565596
0.491000 0.566711
0.492000 0.567829
0.493000 0.568951
0.494000 0.570075
0.495000 0.571202
0.496000 0.572332
0.497000 0.573465
0.498000 0.574599
0.499000 0.575735
0.500000 0.576872
0.501000 0.578010
0.502000 0.579148
0.503000 0.580286
0.504000 0.581424
0.505000 0.582561
0.506000 0.583698
0.507000 0.584833
0.508000 0.585966
0.509000 0.587098
0.510000 0.588228
0.511000 0.589356
0.512000 0.590482
0.513000 0.591605
0.514000 0.592725
0.515000 0.593843
0.516000 0.594957
0.517000 0.596069
0.518000 0.597177
0.519000 0.598283
0.520000 0.599386
0.521000 0.600485
0.522000 0.601583
0.523000 0.602677
0.524000 0.603770
0.525000 0.604861
0.526000 0.605950
0.527000 0.607038
0.528000 0.608126
0.529000 0.609212
0.530000 0.610299
0.531000 0.611385
0.532000 0.612471
0.533000 0.613558
0.534000 0.614644
0.535000 0.615731
0.536000 0.616818
0.537000 0.617905
0.538000 0.618992
0.539000 0.620079
0.540000 0.621166
0.541000 0.622252
0.542000 0.623337
0.543000 0.624421
0.544000 0.625504
0.545000 0.626586
0.546000 0.627666
0.547000 0.628745
0.548000 0.629821
0.549000 0.630896
0.550000 0.631969
0.551000 0.633040
0.552000 0.634110
0.553000 0.635177
0.554000 0.636243
0.555000 0.637307
0.556000 0.638371
0.557000 0.639433
0.558000 0.640494
0.559000 0.641555
0.560000 0.642615
0.561000 0.643676
0.562000 0.644737
0.563000 0.645799
0.564000 0.646862
0.565000 0.647927
0.566000 0.648994
0.567000 0.650064
0.568000 0.651137
0.569000 0.652214
0.570000 0.653295
0.571000 0.654381
0.572000 0.655473
0.573000 0.656570
0.574000 0.657673
0.575000 0.658782
0.576000 0.659897
0.577000 0.661018
0.578000 0.662145
0.579000 0.663278
0.580000 0.664416
0.581000 0.665559
0.582000 0.666707
0.583000 0.667859
0.584000 0.669014
0.585000 0.670173
0.586000 0.671335
0.587000 0.672499
0.588000 0.673665
0.589000 0.674834
0.590000 0.676004
0.591000 0.677176
0.592000 0.678349
0.593000 0.679524
0.594000 0.680699
0.595000 0.681876
0.596000 0.683052
0.597000 0.684229
0.598000 0.685406
0.599000 0.686582
0.600000 0.687757
0.601000 0.688930
0.602000 0.690102
0.603000 0.691271
0.604000 0.692438
0.605000 0.693603
0.606000 0.694764
0.607000 0.695923
0.608000 0.697079
0.609000 0.698233
0.610000 0.699384
0.611000 0.700535
0.612000 0.701685
0.613000 0.702835
0.614000 0.703985
0.615000 0.705138
0.616000 0.706292
0.617000 0.707450
0.618000 0.708611
0.619000 0.709777
0.620000 0.710948
0.621000 0.712123
0.622000 0.713305
0.623000 0.714492
0.624000 0.715685
0.625000 0.716885
0.626000 0.718090
0.627000 0.719302
0.628000 0.720519
0.629000 0.721743
0.630000 0.722972
0.631000 0.724206
0.632000 0.725445
0.633000 0.726690
0.634000 0.727939
0.635000 0.729192
0.636000 0.730449
0.637000 0.731709
0.638000 0.732973
0.639000 0.734239
0.640000 0.735508
0.641000 0.736778
0.642000 0.738049
0.643000 0.739320
0.644000 0.740592
0.645000 0.741863
0.646000 0.743133
0.647000 0.744401
0.648000 0.745667
0.649000 0.746931
0.650000 0.748193
0.651000 0.749451
0.652000 0.750707
0.653000 0.751958
0.654000 0.753207
0.655000 0.754451
0.656000 0.755692
0.657000 0.756930
0.658000 0.758163
0.659000 0.759393
0.660000 0.760619
0.661000 0.761842
0.662000 0.763061
0.663000 0.764277
0.664000 0.765490
0.665000 0.766700
0.666000 0.767908
0.667000 0.769113
0.668000 0.770317
0.669000 0.771518
0.670000 0.772718
0.671000 0.773918
0.672000 0.775116
0.673000 0.776313
0.674000 0.777510
0.675000 0.778706
0.676000 0.779901
0.677000 0.781096
0.678000 0.782290
0.679000 0.783484
0.680000 0.784677
0.681000 0.785870
0.682000 0.787063
0.683000 0.788255
0.684000 0.789449
0.685000 0.790642
0.686000 0.791837
0.687000 0.793033
0.688000 0.794231
0.689000 0.795431
0.690000 0.796634
0.691000 0.797840
0.692000 0.799050
0.693000 0.800265
0.694000 0.801483
0.695000 0.802707
0.696000 0.803937
0.697000 0.805171
0.698000 0.806412
0.699000 0.807659
0.700000 0.808911
0.701000 0.810169
0.702000 0.811433
0.703000 0.812702
0.704000 0.813976
0.705000 0.815254
0.706000 0.816536
0.707000 0.817821
0.708000 0.819109
0.709000 0.820399
0.710000 0.821690
0.711000 0.822983
0.712000 0.824276
0.713000 0.825569
0.714000 0.826862
0.715000 0.828155
0.716000 0.829446
0.717000 0.830736
0.718000 0.832024
0.719000 0.833311
0.720000 0.834597
0.721000 0.835881
0.722000 0.837164
0.723000 0.838447
0.724000 0.839728
0.725000 0.841010
0.726000 0.842291
0.727000 0.843572
0.728000 0.844853
0.729000 0.846135
0.730000 0.847417
0.731000 0.848700
0.732000 0.849985
0.733000 0.851270
0.734000 0.852557
0.735000 0.853846
0.736000 0.855137
0.737000 0.856431
0.738000 0.857728
0.739000 0.859028
0.740000 0.860332
0.741000 0.861641
0.742000 0.862954
0.743000 0.864273
0.744000 0.865597
0.745000 0.866926
0.746000 0.868261
0.747000 0.869602
0.748000 0.870948
0.749000 0.872300
0.750000 0.873657
0.751000 0.875019
0.752000 0.876386
0.753000 0.877757
0.754000 0.879133
0.755000 0.880513
0.756000 0.881897
0.757000 0.883284
0.758000 0.884675
0.759000 0.886069
0.760000 0.887465
0.761000 0.888863
0.762000 0.890264
0.763000 0.891665
0.764000 0.893068
0.765000 0.894471
0.766000 0.895875
0.767000 0.897278
0.768000 0.898682
0.769000 0.900084
0.770000 0.901486
0.771000 0.902887
0.772000 0.904286
0.773000 0.905684
0.774000 0.907080
0.775000 0.908473
0.776000 0.909864
0.777000 0.911252
0.778000 0.912637
0.779000 0.914019
0.780000 0.915397
0.781000 0.916771
0.782000 0.918140
0.783000 0.919506
0.784000 0.920867
0.785000 0.922224
0.786000 0.923577
0.787000 0.924926
0.788000 0.926272
0.789000 0.927613
0.790000 0.928952
0.791000 0.930287
0.792000 0.931619
0.793000 0.932949
0.794000 0.934275
0.795000 0.935598
0.796000 0.936918
0.797000 0.938235
0.798000 0.939548
0.799000 0.940858
0.800000 0.942164
0.801000 0.943465
0.802000 0.944763
0.803000 0.946057
0.804000 0.947347
0.805000 0.948633
0.806000 0.949916
0.807000 0.951195
0.808000 0.952472
0.809000 0.953746
0.810000 0.955018
0.811000 0.956289
0.812000 0.957558
0.813000 0.958827
0.814000 0.960096
0.815000 0.961364
0.816000 0.962634
0.817000 0.963904
0.818000 0.965176
0.819000 0.966448
0.820000 0.967722
0.821000 0.968997
0.822000 0.970272
0.823000 0.971549
0.824000 0.972826
0.825000 0.974103
0.826000 0.975381
0.827000 0.976658
0.828000 0.977934
0.829000 0.979210
0.830000 0.980485
0.831000 0.981759
0.832000 0.983031
0.833000 0.984302
0.834000 0.985572
0.835000 0.986840
0.836000 0.988107
0.837000 0.989372
0.838000 0.990635
0.839000 0.991897
0.840000 0.993156
0.841000 0.994415
0.842000 0.995671
0.843000 0.996926
0.844000 0.998179
0.845000 0.999431
0.846000 1.000681
0.847000 1.001931
0.848000 1.003179
0.849000 1.004427
0.850000 1.005675
0.851000 1.006923
0.852000 1.008173
0.853000 1.009424
0.854000 1.010677
0.855000 1.011932
0.856000 1.013191
0.857000 1.014453
0.858000 1.015720
0.859000 1.016991
0.860000 1.018268
0.861000 1.019549
0.862000 1.020836
0.863000 1.022128
0.864000 1.023425
0.865000 1.024728
0.866000 1.026036
0.867000 1.027349
0.868000 1.028666
0.869000 1.029988
0.870000 1.031314
0.871000 1.032643
0.872000 1.033975
0.873000 1.035310
0.874000 1.036647
0.875000 1.037986
0.876000 1.039326
0.877000 1.040668
0.878000 1.042011
0.879000 1.043355
0.880000 1.044699
0.881000 1.046045
0.882000 1.047393
0.883000 1.048741
0.884000 1.050091
0.885000 1.051443
0.886000 1.052797
0.887000 1.054152
0.888000 1.055509
0.889000 1.056868
0.890000 1.058229
0.891000 1.059591
0.892000 1.060955
0.893000 1.062321
0.894000 1.063687
0.895000 1.065054
0.896000 1.066422
0.897000 1.067791
0.898000 1.069160
0.899000 1.070530
0.900000 1.071899
0.901000 1.073269
0.902000 1.074639
0.903000 1.076009
0.904000 1.077379
0.905000 1.078750
0.906000 1.080120
0.907000 1.081490
0.908000 1.082860
0.909000 1.084230
0.910000 1.085601
0.911000 1.086971
0.912000 1.088342
0.913000 1.089712
0.914000 1.091082
0.915000 1.092451
0.916000 1.093819
0.917000 1.095186
0.918000 1.096551
0.919000 1.097915
0.920000 1.099275
0.921000 1.100633
0.922000 1.101988
0.923000 1.103340
0.924000 1.104688
0.925000 1.106033
0.926000 1.107373
0.927000 1.108710
0.928000 1.110043
0.929000 1.111371
0.930000 1.112696
0.931000 1.114016
0.932000 1.115332
0.933000 1.116644
0.934000 1.117952
0.935000 1.119256
0.936000 1.120556
0.937000 1.121852
0.938000 1.123143
0.939000 1.124431
0.940000 1.125714
0.941000 1.126993
0.942000 1.128268
0.943000 1.129538
0.944000 1.130803
0.945000 1.132064
0.946000 1.133321
0.947000 1.134573
0.948000 1.135820
0.949000 1.137063
0.950000 1.138300
0.951000 1.139532
0.952000 1.140758
0.953000 1.141978
0.954000 1.143191
0.955000 1.144397
0.956000 1.145596
0.957000 1.146787
0.958000 1.147971
0.959000 1.149148
0.960000 1.150317
0.961000 1.151479
0.962000 1.152634
0.963000 1.153783
0.964000 1.154925
0.965000 1.156061
0.966000 1.157191
0.967000 1.158316
0.968000 1.159436
0.969000 1.160551
0.970000 1.161661
0.971000 1.162767
0.972000 1.163869
0.973000 1.164967
0.974000 1.166061
0.975000 1.167151
0.976000 1.168238
0.977000 1.169321
0.978000 1.170400
0.979000 1.171476
0.980000 1.172548
0.981000 1.173617
0.982000 1.174682
0.983000 1.175744
0.984000 1.176803
0.985000 1.177859
0.986000 1.178911
0.987000 1.179959
0.988000 1.181003
0.989000 1.182044
0.990000 1.183080
0.991000 1.184112
0.992000 1.185139
0.993000 1.186161
0.994000 1.187179
0.995000 1.188191
0.996000 1.189199
0.997000 1.190202
0.998000 1.191201
0.999000 1.192195
1.000000 1.193186
1.001000 1.194174
1.002000 1.195159
1.003000 1.196142
1.004000 1.197124
1.005000 1.198104
1.006000 1.199084
1.007000 1.200065
1.008000 1.201046
1.009000 1.202029
1.010000 1.203015
1.011000 1.204003
1.012000 1.204996
1.013000 1.205994
1.014000 1.206996
1.015000 1.208005
1.016000 1.209021
1.017000 1.210043
1.018000 1.211074
1.019000 1.212112
1.020000 1.213159
1.021000 1.214215
1.022000 1.215279
1.023000 1.216353
1.024000 1.217436
1.025000 1.218529
1.026000 1.219632
1.027000 1.220745
1.028000 1.221869
1.029000 1.223003
1.030000 1.224148
1.031000 1.225303
1.032000 1.226469
1.033000 1.227647
1.034000 1.228835
1.035000 1.230035
1.036000 1.231247
1.037000 1.232471
1.038000 1.233706
1.039000 1.234955
1.040000 1.236215
1.041000 1.237488
1.042000 1.238774
1.043000 1.240073
1.044000 1.241385
1.045000 1.242710
1.046000 1.244048
1.047000 1.245399
1.048000 1.246762
1.049000 1.248137
1.050000 1.249523
1.051000 1.250921
1.052000 1.252330
1.053000 1.253748
1.054000 1.255176
1.055000 1.256612
1.056000 1.258056
1.057000 1.259507
1.058000 1.260965
1.059000 1.262428
1.060000 1.263896
1.061000 1.265368
1.062000 1.266844
1.063000 1.268323
1.064000 1.269805
1.065000 1.271289
1.066000 1.272776
1.067000 1.274264
1.068000 1.275754
1.069000 1.277247
1.070000 1.278740
1.071000 1.280236
1.072000 1.281732
1.073000 1.283231
1.074000 1.284730
1.075000 1.286230
1.076000 1.287732
1.077000 1.289233
1.078000 1.290735
1.079000 1.292237
1.080000 1.293738
1.081000 1.295239
1.082000 1.296739
1.083000 1.298237
1.084000 1.299734
1.085000 1.301229
1.086000 1.302721
1.087000 1.304211
1.088000 1.305697
1.089000 1.307180
1.090000 1.308658
1.091000 1.310132
1.092000 1.311600
1.093000 1.313063
1.094000 1.314520
1.095000 1.315970
1.096000 1.317414
1.097000 1.318850
1.098000 1.320279
1.099000 1.321700
1.100000 1.323113
1.101000 1.324517
1.102000 1.325914
1.103000 1.327301
1.104000 1.328681
1.105000 1.330051
1.106000 1.331414
1.107000 1.332768
1.108000 1.334114
1.109000 1.335452
1.110000 1.336782
1.111000 1.338105
1.112000 1.339421
1.113000 1.340730
1.114000 1.342031
1.115000 1.343327
1.116000 1.344616
1.117000 1.345898
1.118000 1.347175
1.119000 1.348446
1.120000 1.349710
1.121000 1.350969
1.122000 1.352223
1.123000 1.353470
1.124000 1.354713
1.125000 1.355950
1.126000 1.357182
1.127000 1.358409
1.128000 1.359631
1.129000 1.360848
1.130000 1.362061
1.131000 1.363269
1.132000 1.364473
1.133000 1.365673
1.134000 1.366869
1.135000 1.368062
1.136000 1.369251
1.137000 1.370437
1.138000 1.371620
1.139000 1.372799
1.140000 1.373974
1.141000 1.375146
1.142000 1.376313
1.143000 1.377476
1.144000 1.378634
1.145000 1.379788
1.146000 1.380936
1.147000 1.382079
1.148000 1.383217
1.149000 1.384349
1.150000 1.385476
1.151000 1.386598
1.152000 1.387714
1.153000 1.388826
1.154000 1.389932
1.155000 1.391034
1.156000 1.392131
1.157000 1.393224
1.158000 1.394312
1.159000 1.395396
1.160000 1.396475
1.161000 1.397551
1.162000 1.398623
1.163000 1.399691
1.164000 1.400756
1.165000 1.401818
1.166000 1.402878
1.167000 1.403935
1.168000 1.404991
1.169000 1.406045
1.170000 1.407098
1.171000 1.408150
1.172000 1.409202
1.173000 1.410253
1.174000 1.411303
1.175000 1.412354
1.176000 1.413403
1.177000 1.414452
1.178000 1.415501
1.179000 1.416548
1.180000 1.417595
1.181000 1.418640
1.182000 1.419683
1.183000 1.420725
1.184000 1.421766
1.185000 1.422805
1.186000 1.423843
1.187000 1.424879
1.188000 1.425915
1.189000 1.426950
1.190000 1.427985
1.191000 1.429021
1.192000 1.430057
1.193000 1.431096
1.194000 1.432135
1.195000 1.433177
1.196000 1.434222
1.197000 1.435269
1.198000 1.436320
1.199000 1.437373
1.200000 1.438430
1.201000 1.439490
1.202000 1.440554
1.203000 1.441621
1.204000 1.442692
1.205000 1.443766
1.206000 1.444844
1.207000 1.445925
1.208000 1.447010
1.209000 1.448098
1.210000 1.449189
1.211000 1.450283
1.212000 1.451380
1.213000 1.452480
1.214000 1.453584
1.215000 1.454690
1.216000 1.455800
1.217000 1.456913
1.218000 1.458029
1.219000 1.459148
1.220000 1.460272
1.221000 1.461399
1.222000 1.462530
1.223000 1.463665
1.224000 1.464804
1.225000 1.465947
1.226000 1.467095
1.227000 1.468247
1.228000 1.469405
1.229000 1.470567
1.230000 1.471735
1.231000 1.472908
1.232000 1.474087
1.233000 1.475272
1.234000 1.476463
1.235000 1.477660
1.236000 1.478863
1.237000 1.480072
1.238000 1.481288
1.239000 1.482509
1.240000 1.483736
1.241000 1.484968
1.242000 1.486204
1.243000 1.487445
1.244000 1.488690
1.245000 1.489937
1.246000 1.491187
1.247000 1.492438
1.248000 1.493691
1.249000 1.494944
1.250000 1.496197
1.251000 1.497449
1.252000 1.498700
1.253000 1.499950
1.254000 1.501197
1.255000 1.502441
1.256000 1.503683
1.257000 1.504921
1.258000 1.506156
1.259000 1.507386
1.260000 1.508612
1.261000 1.509833
1.262000 1.511050
1.263000 1.512261
1.264000 1.513467
1.265000 1.514668
1.266000 1.515863
1.267000 1.517053
1.268000 1.518238
1.269000 1.519417
1.270000 1.520592
1.271000 1.521762
1.272000 1.522926
1.273000 1.524087
1.274000 1.525243
1.275000 1.526395
1.276000 1.527543
1.277000 1.528689
1.278000 1.529831
1.279000 1.530972
1.280000 1.532111
1.281000 1.533249
1.282000 1.534385
1.283000 1.535522
1.284000 1.536658
1.285000 1.537794
1.286000 1.538930
1.287000 1.540066
1.288000 1.541204
1.289000 1.542342
1.290000 1.543481
1.291000 1.544621
1.292000 1.545763
1.293000 1.546906
1.294000 1.548051
1.295000 1.549198
1.296000 1.550346
1.297000 1.551497
1.298000 1.552649
1.299000 1.553803
1.300000 1.554960
1.301000 1.556118
1.302000 1.557278
1.303000 1.558439
1.304000 1.559602
1.305000 1.560767
1.306000 1.561932
1.307000 1.563099
1.308000 1.564267
1.309000 1.565435
1.310000 1.566604
1.311000 1.567774
1.312000 1.568944
1.313000 1.570115
1.314000 1.571286
1.315000 1.572458
1.316000 1.573631
1.317000 1.574806
1.318000 1.575982
1.319000 1.577161
1.320000 1.578343
1.321000 1.579527
1.322000 1.580715
1.323000 1.581906
1.324000 1.583101
1.325000 1.584300
1.326000 1.585502
1.327000 1.586706
1.328000 1.587913
1.329000 1.589122
1.330000 1.590332
1.331000 1.591542
1.332000 1.592751
1.333000 1.593960
1.334000 1.595166
1.335000 1.596370
1.336000 1.597571
1.337000 1.598768
1.338000 1.599961
1.339000 1.601151
1.340000 1.602336
1.341000 1.603516
1.342000 1.604692
1.343000 1.605864
1.344000 1.607031
1.345000 1.608194
1.346000 1.609353
1.347000 1.610508
1.348000 1.611660
1.349000 1.612809
1.350000 1.613954
1.351000 1.615097
1.352000 1.616237
1.353000 1.617376
1.354000 1.618513
1.355000 1.619649
1.356000 1.620784
1.357000 1.621919
1.358000 1.623053
1.359000 1.624187
1.360000 1.625320
1.361000 1.626453
1.362000 1.627586
1.363000 1.628718
1.364000 1.629849
1.365000 1.630979
1.366000 1.632109
1.367000 1.633238
1.368000 1.634367
1.369000 1.635496
1.370000 1.636625
1.371000 1.637754
1.372000 1.638885
1.373000 1.640016
1.374000 1.641149
1.375000 1.642283
1.376000 1.643419
1.377000 1.644557
1.378000 1.645697
1.379000 1.646839
1.380000 1.647984
1.381000 1.649131
1.382000 1.650281
1.383000 1.651433
1.384000 1.652586
1.385000 1.653741
1.386000 1.654898
1.387000 1.656055
1.388000 1.657212
1.389000 1.658369
1.390000 1.659524
1.391000 1.660679
1.392000 1.661831
1.393000 1.662982
1.394000 1.664129
1.395000 1.665274
1.396000 1.666416
1.397000 1.667555
1.398000 1.668690
1.399000 1.669823
1.400000 1.670953
1.401000 1.672080
1.402000 1.673206
1.403000 1.674330
1.404000 1.675453
1.405000 1.676575
1.406000 1.677696
1.407000 1.678818
1.408000 1.679940
1.409000 1.681062
1.410000 1.682186
1.411000 1.683309
1.412000 1.684434
1.413000 1.685559
1.414000 1.686685
1.415000 1.687812
1.416000 1.688938
1.417000 1.690065
1.418000 1.691191
1.419000 1.692318
1.420000 1.693444
1.421000 1.694569
1.422000 1.695694
1.423000 1.696819
1.424000 1.697943
1.425000 1.699066
1.426000 1.700189
1.427000 1.701312
1.428000 1.702434
1.429000 1.703555
1.430000 1.704676
1.431000 1.705797
1.432000 1.706917
1.433000 1.708036
1.434000 1.709153
1.435000 1.710269
1.436000 1.711383
1.437000 1.712495
1.438000 1.713604
1.439000 1.714710
1.440000 1.715812
1.441000 1.716910
1.442000 1.718003
1.443000 1.719092
1.444000 1.720176
1.445000 1.721255
1.446000 1.722328
1.447000 1.723396
1.448000 1.724458
1.449000 1.725515
1.450000 1.726567
1.451000 1.727614
1.452000 1.728656
1.453000 1.729693
1.454000 1.730727
1.455000 1.731756
1.456000 1.732782
1.457000 1.733806
1.458000 1.734827
1.459000 1.735846
1.460000 1.736865
1.461000 1.737883
1.462000 1.738902
1.463000 1.739922
1.464000 1.740945
1.465000 1.741970
1.466000 1.743000
1.467000 1.744033
1.468000 1.745072
1.469000 1.746115
1.470000 1.747165
1.471000 1.748220
1.472000 1.749281
1.473000 1.750348
1.474000 1.751422
1.475000 1.752501
1.476000 1.753587
1.477000 1.754680
1.478000 1.755779
1.479000 1.756884
1.480000 1.757995
1.481000 1.759113
1.482000 1.760238
1.483000 1.761369
1.484000 1.762506
1.485000 1.763650
1.486000 1.764801
1.487000 1.765958
1.488000 1.767121
1.489000 1.768290
1.490000 1.769465
1.491000 1.770646
1.492000 1.771833
1.493000 1.773024
1.494000 1.774221
1.495000 1.775421
1.496000 1.776626
1.497000 1.777834
1.498000 1.779044
1.499000 1.780257
1.500000 1.781471
1.501000 1.782686
1.502000 1.783901
1.503000 1.785116
1.504000 1.786329
1.505000 1.787541
1.506000 1.788751
1.507000 1.789958
1.508000 1.791162
1.509000 1.792363
1.510000 1.793561
1.511000 1.794755
1.512000 1.795945
1.513000 1.797133
1.514000 1.798317
1.515000 1.799499
1.516000 1.800678
1.517000 1.801855
1.518000 1.803031
1.519000 1.804204
1.520000 1.805376
1.521000 1.806547
1.522000 1.807716
1.523000 1.808884
1.524000 1.810050
1.525000 1.811214
1.526000 1.812377
1.527000 1.813537
1.528000 1.814696
1.529000 1.815852
1.530000 1.817006
1.531000 1.818158
1.532000 1.819309
1.533000 1.820458
1.534000 1.821605
1.535000 1.822752
1.536000 1.823898
1.537000 1.825044
1.538000 1.826190
1.539000 1.827337
1.540000 1.828485
1.541000 1.829635
1.542000 1.830787
1.543000 1.831942
1.544000 1.833099
1.545000 1.834260
1.546000 1.835425
1.547000 1.836593
1.548000 1.837766
1.549000 1.838942
1.550000 1.840124
1.551000 1.841309
1.552000 1.842498
1.553000 1.843691
1.554000 1.844887
1.555000 1.846086
1.556000 1.847288
1.557000 1.848491
1.558000 1.849696
1.559000 1.850902
1.560000 1.852108
1.561000 1.853313
1.562000 1.854518
1.563000 1.855720
1.564000 1.856921
1.565000 1.858119
1.566000 1.859313
1.567000 1.860503
1.568000 1.861689
1.569000 1.862869
1.570000 1.864043
1.571000 1.865212
1.572000 1.866373
1.573000 1.867527
1.574000 1.868673
1.575000 1.869812
1.576000 1.870942
1.577000 1.872065
1.578000 1.873180
1.579000 1.874286
1.580000 1.875385
1.581000 1.876476
1.582000 1.877560
1.583000 1.878637
1.584000 1.879707
1.585000 1.880772
1.586000 1.881831
1.587000 1.882886
1.588000 1.883936
1.589000 1.884984
1.590000 1.886029
1.591000 1.887073
1.592000 1.888114
1.593000 1.889155
1.594000 1.890195
1.595000 1.891234
1.596000 1.892272
1.597000 1.893309
1.598000 1.894346
1.599000 1.895381
1.600000 1.896414
1.601000 1.897445
1.602000 1.898472
1.603000 1.899496
1.604000 1.900516
1.605000 1.901530
1.606000 1.902538
1.607000 1.903541
1.608000 1.904536
1.609000 1.905524
1.610000 1.906505
1.611000 1.907478
1.612000 1.908443
1.613000 1.909401
1.614000 1.910351
1.615000 1.911294
1.616000 1.912230
1.617000 1.913159
1.618000 1.914081
1.619000 1.914999
1.620000 1.915911
1.621000 1.916820
1.622000 1.917726
1.623000 1.918629
1.624000 1.919531
1.625000 1.920433
1.626000 1.921335
1.627000 1.922239
1.628000 1.923144
1.629000 1.924052
1.630000 1.924962
1.631000 1.925876
1.632000 1.926793
1.633000 1.927713
1.634000 1.928637
1.635000 1.929564
1.636000 1.930496
1.637000 1.931431
1.638000 1.932370
1.639000 1.933313
1.640000 1.934261
1.641000 1.935212
1.642000 1.936168
1.643000 1.937128
1.644000 1.938093
1.645000 1.939063
1.646000 1.940037
1.647000 1.941017
1.648000 1.942002
1.649000 1.942992
1.650000 1.943988
1.651000 1.944990
1.652000 1.945998
1.653000 1.947013
1.654000 1.948034
1.655000 1.949062
1.656000 1.950098
1.657000 1.951140
1.658000 1.952191
1.659000 1.953249
1.660000 1.954314
1.661000 1.955388
1.662000 1.956468
1.663000 1.957555
1.664000 1.958649
1.665000 1.959749
1.666000 1.960854
1.667000 1.961964
1.668000 1.963077
1.669000 1.964194
1.670000 1.965312
1.671000 1.966433
1.672000 1.967554
1.673000 1.968677
1.674000 1.969799
1.675000 1.970921
1.676000 1.972043
1.677000 1.973165
1.678000 1.974285
1.679000 1.975405
1.680000 1.976524
1.681000 1.977641
1.682000 1.978758
1.683000 1.979873
1.684000 1.980986
1.685000 1.982098
1.686000 1.983209
1.687000 1.984317
1.688000 1.985424
1.689000 1.986529
1.690000 1.987632
1.691000 1.988733
1.692000 1.989832
1.693000 1.990929
1.694000 1.992024
1.695000 1.993116
1.696000 1.994206
1.697000 1.995293
1.698000 1.996378
1.699000 1.997460
1.700000 1.998540
1.701000 1.999617
1.702000 2.000692
1.703000 2.001764
1.704000 2.002834
1.705000 2.003901
1.706000 2.004967
1.707000 2.006030
1.708000 2.007090
1.709000 2.008150
1.710000 2.009208
1.711000 2.010265
1.712000 2.011322
1.713000 2.012379
1.714000 2.013437
1.715000 2.014497
1.716000 2.015560
1.717000 2.016627
1.718000 2.017698
1.719000 2.018774
1.720000 2.019857
1.721000 2.020947
1.722000 2.022044
1.723000 2.023149
1.724000 2.024263
1.725000 2.025386
1.726000 2.026519
1.727000 2.027661
1.728000 2.028812
1.729000 2.029974
1.730000 2.031145
1.731000 2.032327
1.732000 2.033517
1.733000 2.034718
1.734000 2.035927
1.735000 2.037146
1.736000 2.038372
1.737000 2.039607
1.738000 2.040849
1.739000 2.042098
1.740000 2.043354
1.741000 2.044615
1.742000 2.045882
1.743000 2.047153
1.744000 2.048429
1.745000 2.049708
1.746000 2.050990
1.747000 2.052275
1.748000 2.053562
1.749000 2.054850
1.750000 2.056140
1.751000 2.057430
1.752000 2.058720
1.753000 2.060011
1.754000 2.061302
1.755000 2.062592
1.756000 2.063882
1.757000 2.065173
1.758000 2.066464
1.759000 2.067757
1.760000 2.069051
1.761000 2.070347
1.762000 2.071647
1.763000 2.072952
1.764000 2.074262
1.765000 2.075578
1.766000 2.076902
1.767000 2.078233
1.768000 2.079573
1.769000 2.080923
1.770000 2.082283
1.771000 2.083654
1.772000 2.085036
1.773000 2.086431
1.774000 2.087838
1.775000 2.089258
1.776000 2.090693
1.777000 2.092141
1.778000 2.093604
1.779000 2.095081
1.780000 2.096573
1.781000 2.098080
1.782000 2.099602
1.783000 2.101138
1.784000 2.102688
1.785000 2.104251
1.786000 2.105826
1.787000 2.107413
1.788000 2.109010
1.789000 2.110617
1.790000 2.112233
1.791000 2.113856
1.792000 2.115486
1.793000 2.117122
1.794000 2.118763
1.795000 2.120409
1.796000 2.122058
1.797000 2.123711
1.798000 2.125367
1.799000 2.127027
1.800000 2.128690
1.801000 2.130358
1.802000 2.132029
1.803000 2.133705
1.804000 2.135387
1.805000 2.137073
1.806000 2.138765
1.807000 2.140462
1.808000 2.142166
1.809000 2.143876
1.810000 2.145591
1.811000 2.147313
1.812000 2.149041
1.813000 2.150775
1.814000 2.152515
1.815000 2.154262
1.816000 2.156014
1.817000 2.157772
1.818000 2.159536
1.819000 2.161305
1.820000 2.163079
1.821000 2.164859
1.822000 2.166643
1.823000 2.168432
1.824000 2.170225
1.825000 2.172022
1.826000 2.173824
1.827000 2.175630
1.828000 2.177440
1.829000 2.179254
1.830000 2.181072
1.831000 2.182894
1.832000 2.184720
1.833000 2.186549
1.834000 2.188381
1.835000 2.190216
1.836000 2.192053
1.837000 2.193892
1.838000 2.195732
1.839000 2.197573
1.840000 2.199413
1.841000 2.201253
1.842000 2.203091
1.843000 2.204927
1.844000 2.206759
1.845000 2.208588
1.846000 2.210412
1.847000 2.212231
1.848000 2.214043
1.849000 2.215847
1.850000 2.217643
1.851000 2.219430
1.852000 2.221206
1.853000 2.222971
1.854000 2.224724
1.855000 2.226465
1.856000 2.228193
1.857000 2.229908
1.858000 2.231609
1.859000 2.233298
1.860000 2.234973
1.861000 2.236635
1.862000 2.238285
1.863000 2.239923
1.864000 2.241551
1.865000 2.243170
1.866000 2.244780
1.867000 2.246382
1.868000 2.247978
1.869000 2.249569
1.870000 2.251155
1.871000 2.252737
1.872000 2.254317
1.873000 2.255895
1.874000 2.257472
1.875000 2.259049
1.876000 2.260626
1.877000 2.262203
1.878000 2.263782
1.879000 2.265363
1.880000 2.266946
1.881000 2.268532
1.882000 2.270122
1.883000 2.271715
1.884000 2.273312
1.885000 2.274914
1.886000 2.276520
1.887000 2.278130
1.888000 2.279745
1.889000 2.281363
1.890000 2.282985
1.891000 2.284609
1.892000 2.286234
1.893000 2.287861
1.894000 2.289487
1.895000 2.291112
1.896000 2.292734
1.897000 2.294354
1.898000 2.295969
1.899000 2.297580
1.900000 2.299185
1.901000 2.300784
1.902000 2.302377
1.903000 2.303962
1.904000 2.305540
1.905000 2.307110
1.906000 2.308672
1.907000 2.310224
1.908000 2.311768
1.909000 2.313301
1.910000 2.314824
1.911000 2.316337
1.912000 2.317839
1.913000 2.319330
1.914000 2.320810
1.915000 2.322279
1.916000 2.323737
1.917000 2.325185
1.918000 2.326622
1.919000 2.328049
1.920000 2.329466
1.921000 2.330872
1.922000 2.332270
1.923000 2.333657
1.924000 2.335035
1.925000 2.336404
1.926000 2.337763
1.927000 2.339112
1.928000 2.340451
1.929000 2.341780
1.930000 2.343099
1.931000 2.344407
1.932000 2.345703
1.933000 2.346988
1.934000 2.348262
1.935000 2.349522
1.936000 2.350771
1.937000 2.352007
1.938000 2.353231
1.939000 2.354442
1.940000 2.355642
1.941000 2.356830
1.942000 2.358006
1.943000 2.359173
1.944000 2.360329
1.945000 2.361476
1.946000 2.362614
1.947000 2.363743
1.948000 2.364866
1.949000 2.365981
1.950000 2.367090
1.951000 2.368194
1.952000 2.369293
1.953000 2.370387
1.954000 2.371479
1.955000 2.372567
1.956000 2.373653
1.957000 2.374738
1.958000 2.375823
1.959000 2.376907
1.960000 2.377993
1.961000 2.379080
1.962000 2.380170
1.963000 2.381263
1.964000 2.382361
1.965000 2.383464
1.966000 2.384573
1.967000 2.385689
1.968000 2.386812
1.969000 2.387942
1.970000 2.389080
1.971000 2.390227
1.972000 2.391382
1.973000 2.392545
1.974000 2.393717
1.975000 2.394898
1.976000 2.396087
1.977000 2.397285
1.978000 2.398492
1.979000 2.399707
1.980000 2.400930
1.981000 2.402160
1.982000 2.403398
1.983000 2.404642
1.984000 2.405892
1.985000 2.407146
1.986000 2.408405
1.987000 2.409666
1.988000 2.410930
1.989000 2.412195
1.990000 2.413460
1.991000 2.414725
1.992000 2.415989
1.993000 2.417251
1.994000 2.418510
1.995000 2.419766
1.996000 2.421018
1.997000 2.422265
1.998000 2.423507
1.999000 2.424743
