383.789
0.000988845
0.00383477
0.0082146
0.0136909
0.0197867
0.0261433
0.0325718
0.0389273
0.0450838
0.0509921
0.0566654
0.0621746
0.0675455
0.0727706
0.0778737
0.0829395
0.0880158
0.0930758
0.0981215
0.103112
0.107964
0.112675
0.117268
0.121775
0.126234
0.130692
0.135152
0.139656
0.144204
0.148764
0.153341
0.157967
0.162588
0.167192
0.171795
0.176326
0.180686
0.18499
0.189392
0.193922
0.198469
0.202983
0.207434
0.211711
0.215781
0.219628
0.223271
0.226842
0.230395
0.234016
0.237788
0.241741
0.245881
0.250206
0.254738
0.259465
0.264238
0.268802
0.273052
0.277097
0.280969
0.284635
0.288123
0.291523
0.294904
0.298316
0.30171
0.305122
0.308657
0.312393
0.31641
0.320738
0.325324
0.330076
0.334987
0.340078
0.345237
0.350274
0.355119
0.359842
0.364556
0.369392
0.374283
0.379073
0.383709
0.38813
0.392449
0.39675
0.401036
0.405402
0.409884
0.414408
0.41895
0.423491
0.428093
0.432748
0.437437
0.442205
0.447005
0.451711
0.456247
0.460639
0.464997
0.469387
0.473825
0.478257
0.482606
0.486896
0.491182
0.495542
0.500094
0.504803
0.509578
0.514301
0.518945
0.52361
0.528425
0.533454
0.538661
0.543972
0.549312
0.554627
0.559951
0.565371
0.570929
0.576636
0.582541
0.588649
0.594795
0.600808
0.606631
0.612281
0.617771
0.623084
0.628216
0.633211
0.638122
0.643021
0.647874
0.65262
0.657328
0.662026
0.666764
0.671513
0.676207
0.680865
0.68555
0.690412
0.695497
0.700566
0.705401
0.709941
0.714238
0.718449
0.722713
0.727087
0.731643
0.736386
0.74126
0.746139
0.750838
0.755254
0.759376
0.763329
0.767178
0.770906
0.774607
0.778393
0.782427
0.786721
0.791079
0.79537
0.799781
0.804455
0.809334
0.814295
0.819286
0.824218
0.829089
0.834037
0.83905
0.844041
0.848962
0.853851
0.858737
0.863583
0.86831
0.872766
0.876895
0.880696
0.884236
0.887715
0.891354
0.895346
0.899812
0.904973
0.910782
0.91684
0.9228
0.928484
0.933807
0.938951
0.944188
0.949592
0.955252
0.961166
0.96708
0.972888
0.978582
0.98409
0.989341
0.99442
0.999497
1.00461
1.00966
1.0146
1.0196
1.02473
1.0301
1.03585
1.0418
1.04764
1.05318
1.05859
1.06406
1.06958
1.07491
1.07995
1.08472
1.08921
1.09345
1.09753
1.10146
1.10521
1.10881
1.11229
1.1158
1.11954
1.12358
1.12769
1.13171
1.13579
1.14004
1.14443
1.14905
1.15392
1.15888
1.16374
1.16844
1.1731
1.17787
1.18282
1.18789
1.19287
1.19762
1.2024
1.20744
1.21274
1.2182
1.22369
1.22918
1.2347
1.24017
1.2455
1.25072
1.25591
1.26108
1.26621
1.27123
1.27604
1.2805
1.28477
1.2891
1.29358
1.29813
1.3028
1.30757
1.31227
1.31687
1.3215
1.32636
1.33156
1.33688
1.34196
1.34667
1.35111
1.35543
1.35988
1.3647
1.36995
1.37547
1.38105
1.38664
1.39235
1.39821
1.40422
1.41045
1.41687
1.42318
1.42916
1.4348
1.44016
1.44526
1.45014
1.45481
1.4593
1.46368
1.46803
1.47228
1.47656
1.48113
1.48603
1.49137
1.49705
1.5027
1.50796
1.51272
1.51694
1.5207
1.52422
1.52761
1.5307
1.53352
1.53622
1.53875
1.54117
1.54361
1.54622
1.54901
1.55191
1.55489
1.55803
1.56139
1.56497
1.56857
1.5721
1.57565
1.57919
1.58271
1.58625
1.58992
1.59387
1.59813
1.60263
1.60733
1.6123
1.61747
1.62263
1.62761
1.63232
1.63692
1.64148
1.64592
1.65027
1.65459
1.65885
1.66303
1.66715
1.67124
1.67509
1.67861
1.68194
1.68538
1.6892
1.69353
1.69838
1.70372
1.70953
1.71572
1.72206
1.72844
1.73472
1.74076
1.74648
1.75184
1.75683
1.7615
1.7661
1.77056
1.77494
1.77951
1.78452
1.79004
1.79575
1.8012
1.80619
1.81082
1.81538
1.82023
1.82544
1.83079
1.83628
1.84179
1.84705
1.85184
1.85614
1.86013
1.86414
1.86845
1.87315
1.87811
1.88321
1.88848
1.89407
1.90019
1.90678
1.91363
1.92062
1.92755
1.93425
1.94076
1.94722
1.95382
1.96054
1.96713
1.97328
1.97907
1.98475
1.99077
1.99726
2.00407
2.01115
2.01826
2.02513
2.03175
2.03814
2.04439
2.05059
2.05695
2.06363
2.07031
2.07641
2.08166
2.08619
2.09038
2.09457
2.09887
2.10328
2.10759
2.11165
2.11541
2.11891
2.12214
2.12522
2.12844
2.13187
2.13554
2.13952
2.14385
2.14857
2.15375
2.15925
2.1649
2.17056
2.17602
2.18106
2.18545
2.18907
2.19226
2.19541
2.19879
2.20264
2.20697
2.21176
2.21698
2.22268
2.22891
2.23547
2.24219
2.24881
2.25487
2.26031
2.26521
2.26964
2.2738
2.27801
2.28241
2.28704
2.29177
2.29647
2.30121
2.3063
2.31188
2.31789
2.32413
2.33032
2.33621
2.34161
2.34652
2.35116
2.35563
2.35983
2.36371
2.36731
2.37064
2.37367
2.37661
2.3798
2.38364
2.38854
2.39441
2.40102
2.4082
2.41546
2.42203
2.42746
2.43203
2.43638
2.44103
2.44629
2.45232
2.45898
2.46598
2.47293
2.47931
2.48465
2.48918
2.4934
2.49766
2.5019
2.50598
2.50984
2.51322
2.51622
2.51926
2.52271
2.52671
2.53118
2.53588
2.54058
2.54503
2.5493
2.55378
2.55852
2.56324
2.5677
2.5723
2.57723
2.58245
2.58768
2.59281
2.59788
2.60296
2.60795
2.61265
2.61712
2.62159
2.62619
2.6309
2.63574
2.64082
2.64606
2.65124
2.65638
2.66159
2.66708
2.67304
2.67954
2.68643
2.69326
2.69955
2.70491
2.70924
2.71309
2.71732
2.72223
2.72804
2.73482
2.74214
2.74939
2.75622
2.76263
2.76879
2.77472
2.78024
2.78519
2.78948
2.79319
2.79633
2.79891
2.80131
2.80395
2.8071
2.81092
2.81532
2.82003
2.82496
2.83006
2.83532
2.84086
2.84679
2.85294
2.85883
2.8643
2.86926
2.87374
2.87785
2.88173
2.88551
2.8894
2.89365
2.89806
2.90247
2.9068
2.911
2.91536
2.92013
2.9257
2.93194
2.93813
2.94393
2.94948
2.95508
2.96072
2.96626
2.97165
2.97675
2.98158
2.98604
2.98991
2.99314
2.99605
2.99907
3.00265
3.00676
3.01127
3.01612
3.02094
3.0252
3.02879
3.03205
3.03539
3.039
3.04316
3.04788
3.05268
3.05736
3.06187
3.06618
3.07037
3.07453
3.07863
3.08275
3.08702
3.09139
3.09591
3.10072
3.10576
3.11086
3.11607
3.12155
3.12749
3.13372
3.13989
3.1457
3.15089
3.15542
3.1595
3.16344
3.16763
3.17234
3.17741
3.18232
3.18639
3.18927
3.19105
3.19199
3.19249
3.19301
3.19393
3.19562
3.1983
3.20184
3.20615
3.21092
3.21542
3.21925
3.22245
3.22524
3.22784
3.23029
3.23268
3.2352
3.23826
3.24209
3.24668
3.2522
3.25858
3.26524
3.27148
3.27677
3.28102
3.28451
3.28764
3.29084
3.29436
3.29817
3.30235
3.30703
3.31217
3.31762
3.32319
3.32873
3.33418
3.33924
3.34385
3.34822
3.35252
3.35697
3.36168
3.36631
3.37039
3.37395
3.37726
3.38045
3.3835
3.38637
3.38918
3.39208
3.39514
3.3983
3.40135
3.40401
3.40622
3.40815
3.41048
3.41389
3.41843
3.42368
3.42896
3.43392
3.43861
3.44301
3.4471
3.45063
3.45361
3.45626
3.45905
3.46233
3.4662
3.47056
3.47501
3.47911
3.48273
3.48603
3.48947
3.49356
3.49845
3.50408
3.51005
3.51607
3.52202
3.52785
3.53375
3.53983
3.54581
3.55139
3.55645
3.5613
3.56635
3.57172
3.5771
3.5823
3.58717
3.59175
3.596
3.5999
3.60328
3.60619
3.6087
3.61097
3.61313
3.61522
3.61761
3.62076
3.62478
3.6295
3.63491
3.64086
3.64723
3.65387
3.6604
3.66611
3.67056
3.67406
3.67737
3.68116
3.68576
3.69122
3.69744
3.70424
3.71147
3.71896
3.72665
3.73452
3.74224
3.74934
3.75554
3.76113
3.76643
3.77158
3.77653
3.78135
3.7862
3.79125
3.79686
3.80314
3.80951
3.81536
3.82027
3.82411
3.82688
3.82885
3.83057
3.83252
3.83496
3.83797
3.84159
3.84587
3.85041
3.85443
3.85803
3.86169
3.86569
3.8701
3.87479
3.87977
3.88495
3.89014
3.89531
3.90055
3.90587
3.91098
3.91595
3.92086
3.92558
3.92987
3.93383
3.93798
3.94271
3.94802
3.95363
3.95914
3.96449
3.96953
3.97429
3.97932
3.98495
3.99103
3.99685
4.00161
4.00518
4.00809
4.01121
4.01519
4.01984
4.02508
4.03093
4.03701
4.04296
4.04858
4.05401
4.05937
4.06478
4.0701
4.07531
4.08033
4.0853
4.09082
4.09698
4.10358
4.11062
4.11791
4.12486
4.13098
4.13627
4.14078
4.14428
4.14677
4.14873
4.15049
4.15232
4.15431
4.15634
4.15838
4.16065
4.16334
4.16683
4.17138
4.17702
4.18348
4.19019
4.19687
4.20377
4.21115
4.21878
4.22629
4.23345
4.2402
4.24655
4.25248
4.25806
4.26341
4.26889
4.27469
4.28083
4.28735
4.29401
4.30059
4.30696
4.31301
4.31848
4.323
4.3266
4.32953
4.33206
4.33478
4.33831
4.34311
4.34902
4.35545
4.36212
4.36874
4.37491
4.38037
4.38498
4.38893
4.39286
4.39719
4.40189
4.40689
4.41231
4.41799
4.42362
4.42923
4.43479
4.43998
4.44466
4.44868
4.4522
4.45557
4.45923
4.46347
4.46828
4.47327
4.47792
4.48206
4.48589
4.48985
4.49409
4.49847
4.50301
4.50786
4.51317
4.51863
4.52371
4.52854
4.53361
4.53905
4.54451
4.54917
4.55277
4.55562
4.55846
4.56209
4.56667
4.5718
4.57719
4.58267
4.58794
4.59264
4.59698
4.60142
4.60652
4.61258
4.61916
4.62554
4.63145
4.63703
4.64227
4.64714
4.65155
4.65575
4.65991
4.66372
4.66686
4.66962
4.67246
4.67556
4.67915
4.68346
4.68842
4.69395
4.69977
4.70557
4.71109
4.71605
4.72061
4.72512
4.72965
