-15470.9
-12366.6
-3624.53
22270.8
103585
270317
378456
387006
370330
351880
334093
320281
317292
321382
328192
325798
322281
322771
311650
305004
300877
309500
323923
319291
328688
330509
318374
313306
309667
315215
312963
315567
310514
303459
302143
314240
319619
307776
295574
292482
292819
292988
293010
293799
303076
293891
294663
305102
318460
318498
320819
316567
311294
312386
301847
306511
305981
310896
320205
314142
313723
327042
323911
327309
325561
327904
327479
327204
330610
325272
316237
323534
311999
307065
316461
317714
328048
330815
331707
326882
309358
300835
316172
292990
293023
286037
283215
289103
298061
317640
329153
319840
312658
326184
320653
320313
319616
348373
307159
3.3714e+08
