-17453.6
-17432
-17395.8
-17344.6
-17278.1
-17195.5
-17096.2
-16979.4
-16843.9
-16687.2
-16509.8
-16310
-16085.8
-15834.7
-15554.4
-15242.5
-14896
-14511.4
-14084.8
-13611.9
-13087.6
-12506.3
-11861.9
-11147.2
-10354
-9473.09
-8493.78
-7404.42
-6191.68
-4839.5
-3330.86
-1646.26
237.757
2346.84
4710.6
7363.01
10341.7
13689.1
17453.9
21689.7
26455.7
31816.7
37841.9
44603.8
52175
60625.5
70017.2
80396.7
91789.8
104192
117563
131820
146840
162461
178494
194731
210966
227003
242668
257816
272331
286125
299133
311308
322618
333036
342547
351138
358801
365535
371346
376248
380265
383429
385784
387380
388275
388532
388218
387400
386149
384531
382609
380445
378093
375602
373015
370369
367695
365018
362361
359742
357175
354674
352250
349912
347668
345524
343486
341555
339732
338013
336393
334864
333414
332028
330692
329391
328115
326855
325610
324384
323184
322018
320893
319815
318788
317809
316873
315971
315092
314221
313348
312464
311562
310642
309709
308772
307845
306942
306083
305285
304567
303947
303438
303053
302798
302679
302696
302852
303147
303583
304157
304859
305673
306570
307512
308459
309374
310231
311019
311741
312407
313029
313618
314180
314716
315225
315708
316170
316618
317065
317521
317997
318493
319003
319506
319971
320359
320627
320738
320664
320392
319928
319288
318500
317599
316622
315612
314609
313655
312785
312030
311415
310956
310666
310547
310600
310821
311201
311731
312398
313187
314077
315046
316066
317110
318152
319170
320149
321081
321961
322792
323579
324329
325050
325750
326434
327103
327756
328383
328968
329492
329924
330227
330354
330252
329864
329144
328061
326604
324794
322677
320320
317801
315203
312602
310065
307641
305369
303272
301361
299640
298106
296753
295575
294564
293712
293012
292453
292021
291705
291487
291350
291278
291257
291274
291322
291398
291503
291644
291828
292066
292366
292730
293152
293616
294094
294550
294938
295214
295337
295278
295023
294572
293939
293148
292226
291205
290118
288995
287865
286753
285680
284663
283712
282837
282043
281337
280727
280227
279854
279630
279578
279720
280068
280628
281390
282326
283393
284533
285676
286747
287682
288434
288985
289354
289587
289752
289913
290125
290421
290810
291283
291820
292392
292969
293525
294044
294515
294939
295326
295688
296045
296415
296813
297252
297738
298273
298854
299474
300124
300794
301474
302151
302814
303451
304049
304596
305081
305495
305833
306094
306283
306406
306478
306515
306540
306579
306662
306822
307085
307474
307995
308632
309347
310075
310736
311249
311549
311599
311394
310953
310307
309488
308530
307462
306311
305102
303853
302580
301300
300039
298835
297738
296810
296109
295685
295575
295792
296336
297185
298303
299642
301145
302750
304396
306029
307604
309090
310471
311743
312914
313996
315008
315965
316875
317743
318562
319323
320012
320612
321105
321474
321702
321771
321667
321384
320924
320301
319543
318681
317751
316784
315802
314818
313837
312861
311887
310918
309958
309020
308120
307283
306530
305888
305377
305012
304802
304744
304829
305038
305350
305743
306199
306705
307255
307849
308487
309173
309904
310677
311485
312315
313152
313979
314778
315528
316208
316793
317261
317586
317749
317737
317546
317183
316659
315991
315194
314278
313251
312117
310887
309571
308191
306770
305337
303915
302525
301176
299865
298578
297297
295998
294668
293300
291906
290505
289126
287797
286543
285381
284321
283367
282522
281789
281174
280684
280331
280124
280074
280186
280461
280897
281485
282210
283054
283997
285017
286092
287201
288326
289447
290546
291602
292593
293496
294291
294968
295522
295962
296306
296582
296819
297045
297281
297543
297836
298162
298515
298888
299271
299657
300038
300407
300760
301097
301417
301721
302009
302277
302520
302729
302896
303016
303090
303125
303138
303148
303179
303251
303384
303592
303882
304255
304708
305231
305811
306437
307097
307781
308484
309199
309920
310635
311331
311990
312591
313116
313548
313874
314089
314190
314183
314078
313885
313619
313292
312921
312518
312096
311666
311237
310811
310389
309965
309538
309110
308693
308314
308012
307826
307795
307941
308263
308745
309346
310014
310693
311335
311906
312390
312793
313134
313442
313745
314068
314431
314847
315321
315852
316432
317046
317667
318255
318759
319119
319282
319213
318908
318399
317742
317003
316251
315538
314904
314368
313933
313585
313298
313036
312766
312456
312088
311651
311147
310580
309954
309268
308514
307681
306755
305724
304582
303330
301974
300527
299005
297424
295797
294139
292469
290811
289202
287684
286307
285120
284166
283475
283067
282946
283108
283536
284204
285078
286116
287271
288497
289756
291024
292292
293562
294846
296154
297493
298867
300270
301693
303119
304528
305896
307196
308403
309491
310442
311248
311911
312445
312874
313229
313543
313842
314147
314465
314790
315106
315393
315627
315785
315853
315819
315678
315433
315091
314671
314194
313693
313205
312773
312439
312241
312213
312374
312732
313277
313987
314828
315760
316738
317712
318629
319435
320081
320529
320759
320778
320610
320296
319884
319416
318927
318437
317950
317456
316938
316367
315716
314962
314089
313094
311987
310792
309544
308288
307071
305942
304942
304102
303443
302971
302677
302545
302550
302671
302894
303217
303648
304204
304904
305760
306775
307940
309236
310631
312083
313542
314952
316249
317369
318252
318851
319143
319130
318838
318315
317621
316811
315940
315048
314170
313331
312548
311835
311196
310632
310133
309686
309270
308859
308420
307917
307313
306570
305657
304546
303224
301689
299957
298064
296064
294029
292035
290164
288488
287068
285952
285175
284758
284714
285045
285744
286799
288187
289876
291823
293970
296244
298559
300821
302944
304859
306530
307951
309135
310100
310857
311405
311723
311783
311549
310989
310086
308847
307304
305522
303583
301578
299596
297713
295990
294471
293187
292165
291421
290966
290809
290950
291385
292105
293093
294326
295775
297406
299182
301056
302979
304892
306731
308428
309915
311140
312069
312700
313064
313213
313218
313151
313076
313046
313095
313239
313475
313783
314128
314464
314740
314910
314935
314794
314484
314022
313441
312783
312093
311415
310787
310237
309786
309448
309230
309131
309146
309267
309482
309770
310103
310442
310737
310931
310971
310820
310466
309927
309245
308466
307637
306789
305940
305103
304298
303555
302919
302439
302154
302087
302239
302593
303106
303724
304374
304983
305486
305844
306055
306154
306199
306244
306336
306497
306733
307039
307406
307824
308284
308781
309307
309859
310427
311002
311571
312118
312627
313081
313464
313765
313978
314103
314150
314134
314075
313992
313900
313808
313719
313633
313546
313453
313355
313253
313159
313083
313038
313036
313081
313170
313295
313442
313598
313756
313909
314057
314199
314325
314418
314450
314386
314188
313824
313276
312540
311628
310561
309371
308096
306777
305457
304182
302996
301937
301038
300317
299783
299429
299236
299178
299222
299332
299476
299626
299758
299858
299917
299935
299922
299896
299884
299918
300032
300257
300615
301117
301767
302556
303473
304500
305618
306808
308047
309313
310579
311814
312988
314074
315052
315910
316643
317247
317717
318040
318202
318188
317985
317592
317018
316285
315425
314480
313490
312493
311518
310584
309699
308859
308053
307265
306481
305689
304884
304064
303232
302392
301548
300707
299874
299059
298274
297540
296879
296312
295858
295526
295319
295238
295282
295452
295749
296175
296724
297390
298158
299009
299923
300873
301833
302777
303679
304513
305260
305903
306424
306809
307044
307123
307052
306853
306559
306211
305845
305483
305139
304815
304511
304225
303967
303749
303592
303523
303566
303746
304079
304572
305218
305998
306880
307818
308760
309648
310428
311050
311476
311681
311659
311420
310991
310407
309703
308909
308041
307113
306131
305101
304035
302944
301845
300755
299697
298694
297777
296976
296326
295857
295597
295566
295772
296215
296882
297752
298796
299979
301260
302587
303906
305158
306294
307274
308081
308714
309191
309537
309787
309973
310128
310278
310441
310626
310829
311036
311225
311370
311444
311422
311281
311004
310578
309995
309258
308379
307377
306281
305117
303906
302667
301414
300159
298915
297696
296511
295364
294250
293162
292090
291032
289996
289006
288095
287299
286654
286184
285900
285799
285869
286085
286424
286858
287363
287918
288504
289105
289705
290289
290845
291361
291827
292237
292592
292892
293144
293352
293516
293636
293704
293713
293656
293532
293348
293119
292869
292625
292418
292274
292216
292258
292401
292636
292940
293280
293615
293907
294125
294255
294298
294276
294220
294164
294136
294156
294224
294330
294456
294580
294684
294760
294815
294865
294935
295050
295232
295496
295847
296282
296795
297376
298017
298712
299457
300250
301088
301969
302886
303832
304799
305782
306776
307776
308773
309749
310673
311509
312224
312798
313233
313544
313749
313868
313908
313869
313745
313527
313207
312779
312242
311600
310860
310038
309151
308220
307268
306316
305385
304490
303640
302839
302082
301355
300639
299912
299153
298348
297495
296598
295669
294725
293782
292860
291982
291172
290449
289829
289318
288911
288599
288366
288199
288086
288020
288001
288029
288102
288215
288359
288521
288686
288840
288972
289072
289133
289148
289115
289031
288900
288730
288533
288329
288139
287987
287897
287890
287982
288185
288504
288939
289483
290121
290835
291600
292391
293182
293948
294666
295309
295845
296241
296462
296474
296256
295804
295133
294281
293309
292288
291299
290418
289712
289229
288996
289019
289282
289752
290386
291133
291945
292777
293596
294381
295123
295825
296497
297156
297821
298513
299254
300062
300952
301935
303010
304166
305381
306618
307835
308991
310061
311043
311965
312874
313818
314833
315931
317092
318266
319384
320365
321139
321666
321940
321995
321887
321682
321441
321213
321029
320900
320822
320773
320723
320631
320455
320154
319696
319057
318228
317215
316035
314718
313302
311831
310352
308904
307521
306222
305021
303922
302927
302041
301271
300625
300112
299733
299487
299369
299372
299485
299702
300011
300405
300876
301414
302011
302655
303335
304038
304754
305471
306182
306886
307586
308288
309004
309746
310520
311329
312162
313001
313814
314563
315204
315696
315999
316077
315904
315467
314782
313893
312880
311845
310896
310129
309609
309366
309390
309637
310042
310532
311040
311522
311959
312351
312711
313049
313368
313658
313898
314057
314104
314006
313732
313261
312589
311730
310717
309593
308403
307185
305967
304762
303564
302358
301112
299788
298353
296787
295092
293298
291452
289606
287813
286111
284530
283087
281794
280657
279679
278861
278206
277711
277373
277190
277152
277252
277477
277815
278248
278761
279336
279958
280614
281297
282006
282749
283542
284405
285367
286450
287670
289030
290515
292090
293709
295319
296874
298339
299693
300924
302026
302990
303809
304474
304982
305336
305550
305646
305653
305605
305530
305454
305393
305353
305333
305327
305325
305317
305293
305244
305161
305036
304863
304637
304357
304029
303662
303275
302891
302539
302248
302043
301934
301920
301984
302100
302242
302397
302568
302776
303051
303421
303905
304508
305220
306015
306855
307691
308465
309114
309584
309834
309846
309625
309183
308538
307696
306657
305426
304018
302469
300833
299173
297555
296038
294669
293481
292490
291703
291120
290741
290565
290594
290826
291258
291880
292679
293637
294735
295954
297278
298695
300190
301744
303321
304856
306247
307367
308099
308388
308272
307868
307330
306798
306376
306127
306080
306244
306609
307155
307856
308678
309583
310533
311484
312394
313223
313935
314501
314903
315130
315184
315075
314821
314447
313980
313450
312885
312315
311765
311260
310828
310500
310309
310287
310458
310828
311378
312058
312788
313469
314003
314318
314391
314246
313941
313544
313110
312680
312276
311908
311583
311306
311079
310908
310792
310730
310715
310741
310796
310877
310980
311112
311278
311483
311731
312020
312348
312714
313119
313563
314046
314562
315091
315609
316079
316469
316748
316897
316916
316819
316634
316393
316129
315871
315640
315445
315290
315170
315071
314972
314846
314660
314379
313974
313418
312698
311815
310788
309656
308470
307293
306193
305233
304467
303935
303658
303640
303864
304298
304899
305618
306412
307245
308095
308947
309799
310647
311486
312309
313099
313844
314532
315164
315750
316310
316858
317403
317935
318428
318841
319129
319246
319154
318829
318262
317463
316460
315291
314008
312665
311318
310016
308806
307727
306808
306075
305546
305232
305134
305247
305553
306024
306626
307322
308074
308846
309611
310346
311037
311678
312272
312832
313376
313930
314524
315184
315929
316768
317696
318690
319719
320739
321701
322559
323274
323821
324192
324395
324455
324405
324283
324125
323961
323812
323692
323611
323571
323567
323590
323621
323634
323591
323448
323160
322686
322002
321103
320008
318757
317403
316000
314597
313228
311913
310661
309473
308353
307307
306344
305474
304703
304029
303447
302947
302514
302133
301789
301469
301161
300858
300559
300269
300000
299773
299612
299545
299602
299805
300168
300696
301375
302181
303075
304013
304954
305863
306716
307498
308201
308813
309316
309685
309889
309894
309674
309213
308513
307591
306482
305232
303890
302511
301144
299840
298640
297583
296698
296001
295495
295171
295004
294958
294992
295060
295124
295149
295111
294993
294787
294492
294112
293660
293150
292606
292051
291507
290995
290533
290138
289823
289601
289483
289480
289604
289866
290277
290847
291586
292500
293587
294837
296228
297725
299286
300856
302382
303812
305106
306240
307204
308006
308660
309184
309594
309900
310111
310231
310271
310248
310189
310131
310112
310168
310330
310620
311054
311636
312364
313224
314197
315255
316365
317494
318611
319688
320700
321632
322472
323215
323858
324403
324847
325186
325408
325497
325433
325200
324795
324234
323552
322802
322043
321339
320744
320304
320053
320011
320191
320590
321199
321991
322933
323979
325073
326152
327155
328019
328691
329130
329310
329221
328875
328297
327524
326596
325555
324438
323275
322093
320912
319746
318610
317512
316464
315472
314544
313687
312905
312202
311580
311041
310581
310192
309862
309571
309295
309004
308668
308258
307753
307143
306426
305616
304732
303803
302860
301932
301047
300227
299489
298843
298289
297828
297453
297157
296934
296780
296697
296685
296750
296890
297105
297387
297723
298099
298496
298896
299275
299616
299894
300091
300186
300165
300017
299739
299334
298815
298199
297509
296770
296009
295247
294504
293798
293141
292545
292023
291587
291252
291033
290943
290993
291191
291541
292038
292675
293436
294296
295227
296193
297155
298074
298915
299655
300286
300818
301274
301691
302108
302562
303080
303680
304367
305132
305958
306819
307683
308514
309275
309934
310460
310832
311039
311077
310945
310649
310196
309590
308838
307945
306923
305788
304566
303290
302004
300755
299594
298570
297727
297099
296707
296562
296656
296971
297478
298137
298906
299737
300586
301409
302167
302826
303353
303723
303922
303942
303789
303480
303036
302478
301824
301082
300260
299359
298385
297349
296268
295166
294076
293032
292068
291209
290472
289865
289384
289024
288781
288656
288655
288794
289092
289565
290229
291091
292147
293385
294782
296304
297915
299575
301244
302891
304490
306026
307488
308863
310134
311278
312265
313062
313642
313987
314093
313972
313646
313147
312506
311756
310925
310032
309091
308104
307069
305982
304843
303665
302471
301292
300161
299102
298134
297260
296476
295775
295144
294574
294057
293586
293159
292776
292442
292167
291968
291870
291899
292087
292462
293045
293849
294875
296116
297549
299150
300886
302721
304620
306551
308481
310381
312221
313969
315591
317050
318309
319333
320097
320585
320802
320767
320517
320102
319579
319005
318434
317910
317467
317124
316886
316748
316692
316696
316736
316790
316840
316871
316873
316835
316743
316582
316335
315989
315533
314972
314321
313615
312901
312234
311674
311276
311084
311124
311408
311924
312646
313533
314530
315578
316614
317579
318420
319090
319555
319788
319768
319482
318923
318095
317016
315726
314280
312744
311179
309633
308134
306689
305291
303918
302547
301152
299716
298230
296696
295127
293545
291980
290464
289031
287712
286537
285530
284712
284098
283698
283514
283541
283766
284167
284712
285361
286071
286794
287487
288113
288646
289073
289389
289601
289717
289747
289700
289581
289395
289145
288836
288480
288088
287675
287257
286850
286472
286136
285860
285659
285546
285534
285631
285836
286143
286534
286990
287491
288025
288591
289193
289839
290534
291278
292063
292880
293716
294562
295407
296246
297077
297899
298716
299531
300346
301164
301984
302805
303622
304432
305234
306025
306802
307563
308303
309017
309701
310347
310951
311508
312015
312466
312857
313180
313424
313577
313621
313539
313312
312927
312374
311653
310772
309749
308610
307383
306099
304785
303466
302161
300883
299640
298438
297280
296166
295094
294064
293073
292121
291205
290326
289486
288685
287926
287207
286526
285875
285248
284643
284071
283558
283151
282903
282869
283091
283596
284386
285445
286739
288221
289833
291515
293205
294844
296377
297759
298954
299938
300699
301239
301572
301723
301726
301620
301447
301245
301051
300891
300777
300707
300662
300606
300491
300266
299888
299336
298618
297771
296854
295939
295092
294366
293793
293382
293121
292982
292931
292930
292953
292988
293037
293112
293227
293387
293595
293844
294133
294467
294863
295342
295924
296627
297456
298401
299443
300549
301677
302776
303797
304691
305417
305948
306273
306394
306324
306079
305678
305132
304453
303646
302716
301675
300538
299330
298079
296817
295570
294358
293189
292064
290979
289933
288934
287996
287143
286403
285803
285364
285096
285000
285070
285287
285630
286073
286593
287166
287779
288418
289079
289757
290456
291181
291941
292752
293630
294590
295644
296792
298023
299308
300605
301864
303038
304088
304995
305760
306402
306950
307444
307920
308413
308953
309559
310241
310995
311807
312659
313529
314397
315247
316068
316849
317579
318243
318821
319291
319632
319823
319859
319742
319490
319134
318714
318275
317862
317511
317246
317072
316972
316914
316848
316726
316508
316174
315719
315156
314500
313764
312952
312059
311071
309976
308760
307422
305967
304414
302792
301140
299501
297922
296447
295115
293959
293002
292258
291732
291423
291324
291425
291716
292187
292833
293649
294635
295792
297121
298624
300300
302146
304151
306299
308563
310904
313278
315630
317903
320041
321988
323693
325115
326230
327037
327557
327832
327911
327847
327684
327460
327207
326952
326723
326539
326412
326333
326267
326151
325901
325437
324712
323725
322518
321155
319702
318207
316710
315239
313826
312503
311311
310289
309476
308900
308573
308485
308605
308885
309268
309700
310141
310574
310997
311425
311873
312355
312880
313444
314036
314634
315208
315720
316125
316382
316452
316307
315931
315329
314519
313534
312422
311234
310023
308839
307725
306714
305831
305089
304491
304031
303692
303451
303280
303151
303038
302927
302810
302691
302580
302492
302442
302442
302503
302636
302852
303162
303578
304108
304754
305502
306328
307195
308066
308909
309710
310467
311194
311910
312633
313378
314154
314964
315802
316656
317502
318305
319021
319598
319979
320117
319975
319538
318814
317831
316636
315284
313832
312334
310834
309366
307958
306632
305410
304307
303341
302523
301861
301358
301013
300818
300763
300831
301002
301252
301549
301859
302143
302362
302479
302463
302291
301952
301451
300806
300053
299236
298404
297605
296879
296253
295740
295340
295043
294829
294677
294564
294469
294379
294284
294183
294079
293980
293896
293834
293803
293809
293858
293956
294113
294343
294661
295082
295622
296286
297075
297982
298991
300083
301235
302425
303632
304835
306017
307158
308243
309259
310196
311051
311827
312535
313188
313804
314403
315002
315619
316262
316935
317635
318350
319058
319729
320326
320813
321159
321355
321417
321384
321304
321227
321185
321194
321245
321317
321373
321375
321286
321076
320728
320239
319614
318868
318023
317098
316117
315095
314050
312995
311946
310918
309926
308985
308107
307299
306560
305886
305264
304681
304115
303546
302948
302291
301547
300687
299694
298563
297309
295969
294596
293256
292018
290945
290091
289494
289177
289149
289405
289925
290677
291620
292700
293858
295036
296177
297238
298188
299016
299727
300339
300885
301398
301916
302469
303085
303781
304564
305433
306378
307378
308407
309434
310427
311358
312205
312958
313623
314217
314768
315313
315890
316535
317271
318112
319056
320089
321189
322330
323484
324626
325734
326781
327733
328548
329177
329567
329676
329474
328954
328136
327057
325774
324354
322873
321404
320014
318755
317658
316729
315945
315260
314612
313934
313172
312292
311286
310176
308996
307789
306590
305422
304294
303198
302120
301045
299957
298850
297725
296587
295451
294333
293255
292239
291311
290497
289818
289293
288928
288718
288643
288671
288757
288860
288945
288995
289018
289043
289104
289235
289461
289789
290215
290724
291298
291918
292566
293226
293888
294544
295185
295807
296404
296974
297513
298025
298511
298977
299427
299862
300278
300667
301014
301301
301512
301632
301651
301574
301414
301193
300944
300704
300508
300387
300365
300455
300656
300956
301327
301728
302111
302427
302631
302694
302605
302374
302028
301602
301136
300668
300232
299854
299558
299360
299272
299301
299445
299703
300067
300525
301066
301672
302326
303005
303684
304337
304938
305469
305923
306301
306613
306873
307092
307275
307416
307498
307505
307420
307236
306958
306600
306184
305735
305275
304821
304378
303948
303522
303090
302641
302166
301660
301125
300567
299997
299428
298874
298348
297858
297407
296991
296599
296216
295825
295405
294938
294407
293798
293106
292331
291482
290575
289629
288663
287690
286706
285698
284647
283541
282380
281183
279977
278798
277677
276643
275721
274933
274301
273848
273598
273571
273785
274256
274991
275991
277249
278751
280468
282361
284379
286459
288532
290526
292374
294015
295403
296507
297314
297826
298060
298051
297841
297482
297027
296533
296051
295629
295306
295114
295072
295187
295457
295866
296386
296985
297622
298260
298866
299418
299908
300336
300712
301048
301358
301657
301962
302292
302667
303109
303637
304268
305010
305867
306829
307870
308945
309991
310932
311697
312234
312533
312617
312541
312369
312165
311973
311826
311736
311708
311738
311823
311958
312140
312364
312621
312900
313187
313467
313728
313965
314176
314368
314547
314716
314869
314990
315054
315033
314908
314675
314348
313953
313521
313077
312632
312183
311715
311207
310639
310002
309295
308527
307717
306886
306063
305274
304548
303910
303383
302981
302709
302562
302525
302578
302694
302854
303039
303240
303458
303699
303973
304288
304648
305050
305481
305916
306323
306661
306887
306958
306838
306509
305972
305249
304385
303440
302483
301588
300824
300253
299927
299884
300149
300731
301621
302792
304203
305800
307520
309300
311081
312812
314451
315967
317345
318593
319741
320836
321929
323057
324233
325437
326619
327709
328628
329305
329694
329786
329602
329193
328618
327933
327186
326407
325616
324824
324040
323276
322545
321863
321245
320703
320241
319858
319552
319322
319167
319087
319075
319116
319181
319232
319226
319126
318905
318551
318058
317429
316665
315768
314739
313584
312315
310950
309510
308016
306490
304953
303426
301932
300491
299128
297862
296709
295684
294798
294060
293481
293074
292850
292822
292999
293387
293986
294787
295780
296946
298261
299698
301217
302753
304205
305436
306301
306702
306641
306214
305570
304857
304185
303624
303212
302965
302884
302964
303196
303567
304061
304662
305353
306114
306927
307777
308651
309547
310467
311424
312431
313496
314615
315765
316899
317950
318835
319470
319788
319750
319362
318668
317740
316662
315511
314351
313229
312173
311199
310310
309499
308756
308068
307425
306821
306261
305760
305340
305032
304867
304875
305078
305489
306109
306923
307904
309013
310198
311403
312567
313634
314554
315289
315816
316126
316225
316131
315871
315475
314976
314402
313774
313109
312413
311685
310917
310095
309203
308224
307145
305960
304673
303299
301865
300402
298943
297518
296153
294868
293681
292605
291658
290853
290204
289720
289404
289248
289234
289331
289497
289687
289854
289961
289985
289922
289790
289625
289472
289381
289399
289562
289888
290369
290971
291634
292291
292883
293384
293797
294146
294458
294752
295042
295343
295679
296080
296573
297174
297883
298674
299505
300314
301030
301585
301918
301991
301796
301357
300729
299988
299217
298501
297916
297520
297358
297456
297821
298447
299314
300392
301643
303026
304498
306020
307558
309081
310562
311974
313290
314474
315490
316303
316889
317238
317358
317279
317039
316686
316268
315826
315395
315002
314668
314406
314226
314125
314093
314107
314133
314127
314046
313852
313528
313078
312523
311899
311242
310579
309928
309294
308673
308054
307420
306754
306038
305261
304422
303533
302619
301712
300851
300070
299392
298832
298390
298055
297808
297621
297467
297316
297145
296936
296682
296384
296053
295704
295358
295033
294746
294509
294327
294194
294099
294023
293941
293829
293668
293449
293180
292884
292599
292371
292244
292257
292430
292770
293262
293882
294598
295377
296189
297012
297827
298620
299379
300094
300757
301361
301904
302386
302808
303178
303504
303795
304058
304298
304518
304716
304891
305039
305159
305252
305322
305375
305419
305467
305529
305615
305732
305885
306071
306286
306518
306756
306990
307209
307404
307569
307698
307786
307826
307814
307743
307609
307408
307138
306799
306390
305912
305368
304756
304079
303335
302528
301660
300741
299783
298805
297833
296893
296015
295225
294546
293991
293567
293270
293087
292997
292973
292988
293019
293050
293080
293118
293183
293301
293497
293797
294219
294778
295478
296321
297300
298401
299608
300897
302244
303623
305010
306386
307738
309061
310350
311608
312832
314016
315147
316201
317148
317952
318583
319017
319249
319291
319176
318945
318650
318339
318053
317823
317666
317581
317556
317564
317571
317539
317431
317218
316883
316421
315841
315165
314420
313639
312856
312098
311391
310751
310188
309702
309287
308931
308616
308324
308044
307766
307495
307241
307023
306860
306768
306757
306825
306962
307150
307364
307575
307759
307896
307976
307997
307967
307901
307813
307717
307620
307519
307407
307273
307107
306905
306669
306407
306134
305867
305618
305400
305217
305067
304942
304839
304754
304697
304689
304757
304932
305238
305691
306288
307012
307832
308706
309587
310429
311193
311845
312367
312745
312974
313059
313009
312842
312583
312264
311915
311564
311229
310920
310638
310377
310134
309903
309685
309487
309319
309200
309150
309197
309367
309688
310180
310854
311705
312710
313817
314948
316000
316856
317406
317566
317298
316615
315567
314221
312653
310929
309113
307261
305429
303665
302012
300505
299171
298028
297085
296344
295798
295434
295230
295158
295188
295289
295434
295603
295782
295963
296149
296345
296563
296816
297118
297482
297917
298428
299016
299680
300416
301221
302089
303012
303981
304980
305992
306997
307976
308910
309786
310595
311332
311999
312601
313145
313639
314087
314492
314847
315139
315343
315433
315380
315165
314780
314238
313562
312781
311923
311015
310075
309124
308184
307283
306449
305715
305108
304651
304355
304222
304241
304394
304652
304981
305344
305706
306037
306317
306533
306685
306780
306836
306872
306912
306974
307068
307191
307327
307453
307539
307558
307489
307321
307049
306683
306236
305733
305204
304686
304216
303826
303545
303389
303369
303483
303718
304054
304463
304909
305353
305757
306088
306327
306466
306509
306468
306356
306180
305939
305624
305231
304762
304234
303684
303161
302723
302428
302323
302436
302779
303343
304106
305032
306083
307212
308370
309503
310561
311499
312296
312951
313485
313932
314323
314680
315005
315283
315490
315594
315563
315369
314994
314427
313665
312713
311578
310273
308812
307220
305529
303784
302034
300336
298741
297292
296019
294938
294049
293332
292757
292276
291842
291407
290937
290414
289838
289225
288602
288001
287458
287000
286652
286429
286340
286386
286560
286846
287224
287662
288124
288566
288945
289219
289353
289327
289132
288780
288295
287714
287084
286453
285869
285375
285003
284781
284722
284832
285110
285548
286137
286863
287715
288680
289748
290909
292153
293466
294824
296191
297522
298770
299904
300920
301850
302746
303663
304647
305718
306875
308099
309359
310621
311852
313025
314118
315115
316005
316777
317425
317946
318340
318609
318766
318821
318791
318688
318525
318311
318055
317772
317475
317185
316921
316702
316542
316451
316430
316476
316577
316722
316891
317067
317225
317344
317399
317369
317239
317006
316678
316275
315829
315377
314962
314627
314417
314370
314526
314913
315543
316406
317459
318620
319775
320794
321554
321960
321959
321532
320700
319512
318050
316421
314739
313107
311609
310300
309214
308367
307763
307399
307264
307342
307607
308021
308535
309084
309602
310024
310302
310416
310373
310204
309949
309643
309307
308943
308539
308087
307590
307074
306579
306156
305847
305679
305659
305779
306021
306356
306763
307219
307709
308222
308751
309293
309844
310403
310968
311537
312108
312678
313246
313811
314371
314927
315482
316042
316619
317224
317873
318577
319343
320167
321037
321922
322775
323537
324134
324495
324565
324319
323771
322974
322006
320953
319897
318902
318015
317258
316640
316152
315773
315474
315218
314971
314707
314421
314122
313834
313578
313366
313195
313051
312909
312744
312534
312265
311934
311547
311117
310662
310196
309730
309267
308803
308328
307834
307312
306766
306206
305649
305117
304627
304191
303805
303453
303103
302718
302253
301670
300938
300042
298988
297797
296509
295173
293848
292589
291446
290461
289664
289074
288700
288542
288590
288831
289250
289828
290544
291371
292269
293175
293998
294633
294986
295014
294744
294267
293703
293160
292720
292434
292327
292404
292656
293065
293601
294233
294927
295648
296368
297063
297713
298299
298806
299212
299497
299637
299619
299439
299112
298672
298170
297665
297216
296874
296677
296647
296785
297078
297497
298002
298544
299073
299545
299922
300185
300329
300367
300325
300239
300143
300071
300046
300075
300149
300238
300299
300281
300135
299829
299354
298726
297980
297164
296323
295500
294725
294019
293395
292857
292409
292048
291767
291555
291400
291286
291197
291119
291040
290953
290861
290771
290697
290655
290659
290718
290835
291007
291225
291485
291781
292116
292497
292938
293454
294067
294796
295659
296666
297812
299079
300434
301833
303228
304571
305822
306946
307911
308687
309244
309556
309605
309387
308913
308217
307346
306356
305310
304266
303275
302382
301623
301028
300618
300409
300412
300632
301073
301733
302604
303665
304877
306177
307479
308675
309649
310296
310550
310390
309854
309017
307973
306813
305617
304445
303347
302359
301512
300822
300296
299932
299722
299654
299719
299905
300192
300546
300919
301247
301476
301568
301527
301393
301240
301154
301214
301477
301961
302649
303491
304414
305336
306175
306857
307316
307504
307399
307009
306369
305541
304595
303599
302609
301665
300788
299987
299261
298603
298003
297450
296934
296454
296014
295628
295313
295087
294961
294941
295029
295220
295512
295898
296372
296925
297549
298232
298962
299728
300516
301313
302106
302883
303632
304342
305001
305597
306120
306558
306904
307149
307293
307337
307284
307145
306928
306639
306284
305863
305375
304819
304194
303504
302755
301952
301101
300208
299279
298321
297349
296378
295427
294511
293639
292812
292025
291267
290529
289800
289072
288340
287604
286866
286131
285412
284722
284078
283498
283000
282600
282310
282136
282081
282146
282331
282634
283057
283600
284265
285052
285957
286971
288072
289235
290422
291597
292731
293806
294825
295803
296763
297724
298695
299668
300620
301511
302289
302900
303301
303477
303450
303274
303029
302797
302647
302620
302726
302948
303247
303570
303863
304073
304159
304086
303832
303382
302728
301873
300832
299634
298315
296918
295486
294059
292673
291356
290131
289011
288001
287098
286298
285594
284982
284462
284041
283729
283539
283477
283550
283752
284068
284475
284943
285438
285932
286402
286839
287246
287639
288046
288497
289018
289629
290331
291109
291930
292754
293538
294247
294862
295382
295823
296211
296572
296927
297289
297662
298049
298456
298886
299344
299828
300329
300825
301289
301690
301999
302197
302274
302234
302084
301836
301498
301073
300556
299937
299204
298348
297366
296261
295046
293739
292369
290965
289566
288211
286943
285807
284847
284109
283631
283449
283593
284081
284927
286131
287682
289555
291706
294069
296558
299073
301512
303785
305827
307607
309132
310440
311592
312653
313682
314717
315770
316829
317859
318803
319599
320180
320492
320501
320196
319590
318718
317626
316366
314991
313547
312077
310611
309174
307780
306437
305146
303906
302715
301576
300496
299489
298577
297786
297145
296682
296424
296389
296592
297036
297718
298625
299735
301016
302426
303910
305403
306831
308124
309223
310096
310741
311183
311462
311620
311693
311709
311689
311650
311604
311558
311515
311469
311415
311344
311254
311149
311037
310935
310861
310828
310844
310908
311009
311131
311257
311371
311466
311539
311600
311661
311738
311843
311982
312148
312321
312468
312545
312508
312313
311930
311348
310573
309633
308571
307441
306297
305194
304181
303297
302576
302039
301693
301526
301502
301565
301644
301684
301659
301587
301517
301510
301616
301859
302237
302725
303285
303869
304432
304933
305335
305613
305748
305730
305554
305224
304749
304145
303435
302650
301831
301021
300272
299631
299139
298816
298659
298637
298699
298787
298866
298934
299024
299185
299457
299859
300373
300956
301543
302063
302450
302653
302646
302430
302033
301504
300901
300282
299700
299194
298795
298525
298402
298444
298665
299076
299680
300467
301418
302502
303678
304898
306111
307265
308310
309203
309914
310420
310715
310798
310679
310372
309893
309256
308475
307562
306529
305387
304150
302832
301445
300004
298523
297015
295494
293974
292471
291001
289585
288242
286995
285867
284881
284057
283415
282966
282720
282676
282829
283164
283657
284278
284998
285785
286619
287490
288398
289352
290362
291432
292558
293721
294893
296035
297107
298073
298910
299609
300176
300626
300978
301258
301487
301685
301869
302050
302236
302425
302611
302785
302935
303057
303145
303205
303250
303299
303375
303501
303699
303982
304354
304806
305319
305863
306403
306902
307330
307667
307904
308042
308089
308058
307964
307821
307643
307441
307227
307009
306792
306581
306375
306170
305960
305737
305495
305227
304929
304598
304233
303828
303380
302886
302344
301758
301138
300503
299878
299298
298799
298419
298189
298132
298254
298544
298974
299495
300047
300560
300965
301204
301239
301060
300686
300156
299523
298845
298173
297549
296999
296542
296182
295921
295755
295681
295696
295796
295979
296239
296568
296957
297394
297877
298405
298994
299668
300457
301394
302501
303785
305234
306812
308466
310131
311736
313214
314512
315591
316424
316999
317312
317367
317175
316757
316145
315380
314513
313595
312684
311831
311083
310476
310031
309751
309615
309586
309611
309630
309595
309472
309250
308944
308585
308218
307892
307654
307543
307585
307794
308166
308678
309293
309965
310646
311295
311886
312407
312850
313215
313498
313698
313813
313847
313809
313714
313582
313433
313289
313168
313080
313030
313011
313007
312994
312941
312816
312586
312227
311724
311076
310293
309398
308421
307397
306356
305330
304347
303432
302605
301885
301281
300795
300417
300125
299885
299655
299389
299052
298622
298099
297507
296885
296284
295754
295341
295085
295016
295152
295493
296020
296689
297430
298149
298742
299106
299163
298877
298255
297346
296222
294965
293648
292330
291055
289848
288721
287680
286725
285862
285097
284439
283901
283487
283196
283020
282948
282966
283069
283258
283544
283943
284470
285138
285952
286906
287986
289168
290422
291713
293004
294260
295453
296556
297553
298436
299208
299883
300488
301061
301640
302265
302974
303793
304745
305841
307082
308459
309951
311527
313145
314760
316321
317782
319100
320242
321182
321901
322387
322629
322626
322376
321891
321189
320299
319261
318120
316922
315713
314531
313413
312388
311482
310718
310106
309648
309322
309092
308897
308666
308322
307799
307052
306064
304856
303483
302019
300547
299141
297852
296711
295724
294884
294171
293569
293063
292650
292335
292135
292067
292150
292398
292816
293397
294126
294979
295921
296917
297925
298910
299835
300672
301403
302015
302512
302903
303210
303460
303686
303920
304192
304521
304918
305377
305879
306394
306881
307299
307615
307806
307867
307806
307643
307404
307114
306802
306487
306191
305928
305714
305558
305469
305449
305497
305604
305760
305953
306173
306410
306664
306938
307240
307585
307993
308487
309085
309801
310629
311545
312500
313421
314222
314817
315134
315127
314785
314131
313211
312089
310830
309497
308149
306834
305599
304482
303517
302731
302137
301737
301521
301464
301528
301671
301852
302035
302199
302343
302481
302641
302856
303156
303558
304071
304683
305375
306116
306872
307610
308307
308948
309529
310054
310527
310952
311322
311623
311831
311922
311880
311703
311406
311019
310576
310107
309623
309119
308577
307985
307355
306731
306178
305766
305545
305543
305759
306172
306752
307463
308278
309172
310131
311140
312179
313220
314229
315170
316020
316771
317438
318052
318649
319261
319910
320602
321329
322070
322799
323487
324108
324646
325094
325453
325734
325950
326119
326254
326368
326470
326563
326641
326696
326710
326659
326518
326256
325848
325277
324537
323644
322627
321529
320399
319284
318224
317246
316363
315573
314858
314189
313527
312829
312056
311175
310167
309029
307773
306427
305027
303612
302222
300885
299624
298450
297371
296390
295516
294758
294134
293663
293366
293261
293358
293659
294157
294830
295647
296567
297541
298519
299448
300283
300989
301543
301944
302201
302343
302408
302443
302498
302619
302843
303194
303681
304291
304999
305763
306536
307274
307942
308519
309002
309407
309765
310112
310488
310919
311423
311998
312626
313276
313903
314456
314876
315108
315103
314831
314288
313501
312521
311410
310229
309030
307854
306732
305689
304748
303926
303244
302715
302348
302144
302094
302182
302377
302644
302939
303222
303459
303627
303725
303766
303774
303783
303827
303936
304130
304417
304796
305250
305752
306270
306769
307215
307583
307857
308033
308111
308095
307986
307779
307461
307014
306423
305685
304812
303838
302816
301805
300868
300058
299416
298969
298724
298677
298810
299098
299505
299993
300521
301051
301549
301988
302350
302623
302804
302897
302906
302838
302696
302485
302204
301852
301429
300931
300357
299707
298984
298196
297352
296465
295549
294619
293688
292769
291874
291013
290196
289436
288749
288153
287668
287315
287105
287039
287109
287302
287604
288006
288507
289110
289815
290617
291499
292435
293390
294322
295192
295960
296595
297071
297376
297503
297454
297236
296861
296338
295678
294892
293991
292991
291910
290773
289608
288442
287303
286213
285195
284265
283442
282743
282183
281783
281559
281528
281706
282104
282731
283589
284675
285980
287485
289168
290998
292940
294957
297008
299056
301070
303023
304895
306670
308330
309852
311207
312357
313265
313896
314230
314262
314002
313469
312683
311661
310417
308965
307327
305538
303644
301701
299770
297910
296176
294620
293282
292194
291377
290840
290584
290599
290864
291351
292026
292847
293771
294750
295736
296681
297535
298259
298825
299225
299476
299610
299675
299714
299768
299862
300010
300213
300465
300752
301064
301389
301721
302057
302396
302735
303066
303381
303667
303913
304110
304256
304353
304411
304444
304469
304500
304550
304627
304736
304874
305037
305215
305398
305572
305720
305831
305899
305928
305937
305953
306005
306123
306329
306637
307053
307575
308194
308893
309651
310442
311235
311994
312677
313238
313629
313806
313743
313433
312898
312183
311341
310430
309495
308566
307659
306781
305931
305109
304319
303565
302858
302211
301638
301154
300773
300509
300371
300363
300486
300732
301090
301544
302074
302660
303285
303929
304576
305204
305788
306298
306699
306958
307044
306939
306638
306149
305493
304701
303803
302834
301818
300780
299738
298710
297714
296767
295887
295091
294395
293816
293368
293068
292930
292961
293164
293532
294051
294703
295472
296341
297300
298339
299450
300624
301847
303098
304355
305590
306779
307898
308930
309860
310680
311383
311967
312432
312779
313013
313136
313152
313062
312865
312558
312141
311613
310979
310244
309418
308513
307543
306525
305476
304415
303365
302347
301384
300498
299709
299039
298509
298141
297959
297986
298242
298745
299503
300517
301773
303244
304885
306637
308428
310182
311829
313305
314563
315570
316310
316788
317030
317076
316979
316795
316570
316341
316131
315951
315804
315686
315587
315498
315404
315290
315139
314928
314630
314214
313641
312876
311893
310684
309265
307675
305976
304242
302545
300950
299496
298200
297054
296029
295088
294196
293336
292503
291712
290985
290346
289816
289411
289138
288998
288988
289105
289340
289691
290157
290738
291439
292263
293210
294271
295427
296646
297882
299082
300181
301113
301818
302242
302351
302129
301579
300727
299617
298310
296882
295414
293986
292671
291527
290595
289898
289447
289240
289271
289524
289977
290599
291343
292152
292957
293687
294285
294712
294957
295034
294974
294817
294598
294348
294093
293849
293635
293466
293357
293320
293365
293494
293702
293979
294308
294673
295058
295450
295838
296213
296565
296877
297126
297286
297330
297237
297001
296630
296150
295601
295035
294505
294066
293765
293641
293725
294032
294568
295325
296288
297434
298740
300182
301740
303398
305142
306962
308841
310757
312678
314556
316333
317943
319324
320429
321242
321782
322102
322272
322362
322415
322435
322383
322177
321719
320927
319769
318275
316529
314638
312703
310805
308996
307303
305737
304292
302957
301712
300536
299401
298281
297153
295996
294804
293581
292344
291119
289937
288831
287825
286940
286191
285590
285143
284854
284722
284740
284894
285161
285511
285910
286325
286727
287096
287425
287717
287986
288247
288516
288809
289139
289521
289969
290503
291138
291891
292768
293763
294858
296018
297200
298354
299430
300392
301214
301891
302435
302870
303224
303524
303791
304035
304257
304452
304611
304731
304814
304871
304919
304976
305056
305160
305279
305392
305474
305499
305445
305296
305038
304661
304152
303500
302693
301728
300610
299355
297986
296534
295034
293521
292023
290567
289168
287836
286577
285395
284301
283312
282449
281740
281210
280884
280778
280895
281227
281751
282430
283224
284087
284980
285869
286733
287560
288350
289113
289868
290642
291464
292363
293363
294480
295718
297070
298514
300012
301512
302948
304252
305367
306255
306915
307372
307672
307871
308024
308179
308375
308639
308988
309427
309951
310547
311198
311881
312577
313265
313921
314526
315053
315478
315777
315936
315950
315831
315603
315302
314963
314616
314277
313947
313614
313257
312857
312401
311889
311331
310747
310158
309583
309032
308503
307981
307442
306851
306175
305385
304462
303404
302229
300973
299686
298429
297262
296245
295425
294839
294509
294444
294639
295078
295734
296567
297529
298562
299606
300602
301506
302290
302944
303466
303859
304121
304243
304212
304015
303645
303101
302397
301552
300598
299564
298483
297382
296284
295209
294175
293201
292305
291507
290829
290285
289886
289636
289528
289554
289701
289961
290328
290804
291393
292098
292920
293851
294874
295962
297084
298209
299308
300368
301383
302363
303320
304267
305210
306144
307056
307922
308714
309402
309960
310373
310635
310758
310769
310709
310632
310595
310653
310853
311229
311794
312542
313449
314483
315605
316788
318012
319274
320575
321923
323315
324744
326193
327636
329040
330369
331587
332661
333566
334289
334828
335196
335414
335504
335490
335383
335186
334888
334468
333901
333162
332237
331128
329852
328444
326950
325422
323909
322456
321093
319836
318691
317653
316714
315872
315136
314526
314072
313806
313755
313925
314307
314863
315538
316259
316951
317553
318026
318364
318591
318742
318854
318957
319062
319172
319280
319375
319445
319476
319451
319353
319164
318865
318444
317894
317217
316419
315512
314513
313437
312304
311135
309952
308779
307637
306548
305528
304590
303747
303007
302380
301871
301488
301233
301106
301102
301208
301405
301664
301952
302231
302464
302619
302676
302625
302472
302229
301915
301549
301146
300714
300256
299767
299243
298680
298076
297438
296779
296119
295486
294909
294421
294048
293814
293733
293816
294065
294484
295074
295838
296781
297906
299215
300699
302342
304111
305962
307832
309643
311314
312768
313952
314848
315477
315895
316170
316365
316520
316656
316779
316888
316991
317109
317269
317505
317843
318298
318868
319532
320254
320987
321682
322295
322793
323155
323373
323449
323386
323192
322872
322429
321867
321190
320400
319502
318503
317411
316238
314997
313703
312373
311023
309670
308327
307003
305707
304444
303220
302049
300951
299952
299086
298385
297874
297566
297463
297550
297798
298169
298617
299096
299568
300002
300383
300708
300984
301220
301425
301604
301753
301866
301933
301943
301890
301773
301595
301368
301109
300846
300611
300431
300328
300302
300335
300390
300416
300359
300168
299808
299265
298545
297671
296677
295605
294498
293396
292338
291357
290479
289726
289111
288640
288315
288129
288071
288129
288287
288528
288836
289194
289587
290000
290418
290830
291227
291605
291966
292313
292654
292999
293354
293720
294097
294475
294845
295196
295516
295798
296040
296243
296413
296555
296679
296794
296913
297049
297220
297445
297744
298134
298632
299247
299987
300853
301841
302945
304154
305452
306822
308240
309685
311129
312547
313913
315204
316402
317493
318477
319360
320161
320907
321630
322365
323143
323990
324927
325963
327100
328330
329634
330979
332317
333591
334733
335679
336377
336794
336922
336773
336377
335765
334966
334003
332892
331650
330296
328854
327352
325820
324287
322778
321315
319916
318599
317379
316273
315297
314464
313783
313259
312887
312656
312550
312548
312625
312757
312922
313097
313262
313399
313488
313512
313459
313321
313100
312806
312451
312055
311632
311198
310760
310322
309887
309458
309042
308650
308302
308016
307817
307727
307771
307969
308338
308881
309578
310378
311190
311903
312411
312652
312632
312416
312095
311757
311464
311253
311139
311120
311185
311314
311483
311669
311853
312019
312155
312256
312316
312331
312297
312207
312050
311805
311447
310949
310285
309440
308420
307249
305974
304652
303347
302120
301021
300088
299344
298801
298460
298314
298354
298564
298924
299406
299969
300565
301141
301654
302084
302439
302753
303068
303419
303816
304245
304669
305037
305292
305390
305303
305029
304597
304058
303480
302939
302504
302220
302099
302104
302153
302142
301983
301652
301198
300726
300349
300155
300187
300451
300923
301557
302297
303075
303823
304480
304998
305354
305548
305605
305562
305465
305357
305274
305245
305289
305419
305637
305937
306300
306701
307103
307466
307748
307909
307921
307764
307439
306961
306360
305676
304955
304243
303579
303001
302533
302200
302017
301999
302157
302501
303038
303769
304692
305799
307075
308499
310037
311646
313266
314827
316250
317462
318411
319080
319489
319689
319740
319695
319589
319425
319183
318827
318310
317598
316673
315542
314235
312793
311268
309713
308177
306709
305352
304147
303131
302334
301778
301476
301426
301616
302016
302587
303282
304053
304852
305639
306380
307043
307598
308010
308237
308238
307973
307412
306549
305399
304005
302426
300730
298990
297267
295616
294073
292662
291399
290288
289332
288534
287896
287427
287136
287030
287114
287390
287853
288492
289291
290231
291291
292448
293683
294976
296311
297672
299042
300401
301728
302998
304186
305265
306208
306989
307586
307977
308148
308089
307803
307301
306608
305757
304787
303739
302654
301565
300501
299479
298510
297596
296732
295910
295122
294359
293615
292888
292180
291494
290833
290204
289609
289052
288538
288071
287656
287301
287018
286818
286719
286734
286877
287155
287570
288115
288775
289529
290354
291222
292107
292986
293840
294656
295428
296153
296830
297455
298023
298525
298948
299281
299515
299646
299680
299630
299516
299363
299195
299036
298907
298819
298784
298802
298871
298985
299134
299302
299477
299640
299780
299884
299950
299980
299988
299994
300026
300115
300290
300578
300992
301535
302191
302931
303712
304481
305183
305766
306187
306419
306455
306303
305988
305546
305018
304445
303865
303310
302807
302374
302028
301779
301635
301602
301681
301867
302146
302499
302894
303291
303650
303927
304084
304099
303961
303679
303282
302808
302304
301815
301381
301033
300793
300672
300680
300822
301104
301528
302098
302810
303658
304630
305708
306874
308108
309388
310697
312013
313313
314565
315727
316750
317578
318160
318456
318446
318135
317553
316749
315784
314720
313621
312540
311523
310612
309835
309217
308772
308504
308409
308472
308673
308983
309372
309802
310240
310648
310996
311259
311424
311493
311486
311433
311374
311349
311388
311509
311714
311989
312308
312641
312955
313227
313442
313599
313708
313788
313859
313943
314059
314221
314442
314732
315103
315562
316112
316749
317455
318201
318945
319635
320215
320633
320847
320836
320600
320159
319547
318802
317956
317032
316037
314966
313800
312521
311106
309546
307836
305987
304023
301975
299886
297805
295780
293862
292097
290521
289163
288038
287157
286520
286124
285963
286030
286313
286801
287478
288322
289310
290414
291608
292861
294146
295441
296726
297987
299211
300387
301488
302471
303259
303754
303863
303535
302788
301705
300394
298954
297458
295955
294483
293074
291762
290572
289518
288601
287807
287108
286471
285866
285277
284706
284172
283708
283345
283112
283028
283103
283336
283723
284252
284907
285662
286485
287335
288167
288940
289624
290210
290715
291178
291650
292186
292828
293605
294526
295589
296779
298082
299486
300982
302561
304207
305903
307624
309351
311067
312765
314436
316074
317666
319196
320643
321981
323182
324215
325047
325648
325989
326047
325811
325289
324503
323497
322327
321051
319727
318399
317098
315841
314632
313468
312345
311256
310199
309171
308171
307192
306227
305262
304285
303283
302252
301193
300121
299064
298058
297148
296377
295786
295404
295250
295326
295620
296105
296742
297482
298265
299025
299691
300193
300466
300457
300134
299494
298561
297388
296049
294630
293221
291905
290759
289845
289208
288873
288844
289105
289629
290381
291330
292449
293717
295113
296614
298196
299826
301468
303089
304654
306134
307505
308747
309847
310796
311585
312210
312671
312970
313121
313143
313054
312872
312603
312241
311777
311200
310511
309729
308890
308046
307252
306560
306010
305622
305397
305318
305350
305446
305550
305599
305530
305283
304808
304068
303050
301761
300232
298511
296659
294744
292837
290999
289281
287718
286332
285130
284109
283258
282561
282002
281565
281238
281015
280893
280873
280959
281150
281443
281824
282274
282768
283272
283756
284190
284557
284849
285075
285257
285428
285624
285885
286240
286712
287308
288021
288829
289703
290601
291475
292274
292947
293449
293745
293824
293695
293390
292959
292460
291946
291465
291049
290718
290482
290341
290295
290342
290479
290708
291026
291435
291935
292523
293198
293954
294783
295667
296584
297502
298380
299181
299868
300422
300839
301134
301339
301489
301616
301745
301885
302032
302174
302292
302367
302384
302333
302213
302031
301799
301537
301270
301023
300823
300693
300654
300718
300893
301176
301559
302028
302567
303152
303762
304374
304973
305551
306112
306667
307230
307817
308438
309100
309804
310547
311324
312128
312951
313781
314603
315393
316121
316749
317231
317525
317594
317416
316985
316316
315445
314421
313307
312170
311082
310104
309287
308661
308231
307978
307854
307795
307727
307580
307296
306837
306192
305367
304391
303300
302143
300971
299832
298772
297828
297027
296386
295912
295598
295432
295390
295441
295547
295668
295760
295786
295719
295543
295260
294880
294427
293924
293398
292870
292362
291889
291465
291100
290806
290589
290454
290407
290451
290590
290827
291167
291612
292161
292809
293542
294342
295179
296019
296821
297542
298143
298598
298896
299047
299076
299021
298919
298805
298704
298628
298581
298561
298559
298565
298570
298564
298540
298492
298422
298333
298236
298146
298082
298066
298115
298243
298451
298733
299076
299467
299899
300378
300923
301555
302294
303141
304079
305073
306076
307048
307957
308784
309518
310152
310681
311099
311400
311582
311647
311609
311487
311304
311079
310824
310547
310260
309979
309728
309529
309395
309327
309313
309337
309374
309403
309410
309382
309318
309218
309089
308935
308757
308548
308292
307962
307530
306969
306266
305432
304496
303499
302486
301492
300537
299620
298722
297820
296889
295916
294902
293855
292788
291711
290628
289541
288452
287370
286310
285295
284350
283502
282773
282177
281722
281407
281225
281165
281215
281361
281591
281891
282246
282639
283054
283475
283890
284288
284666
285024
285362
285675
285955
286183
286340
286403
286362
286220
285997
285728
285456
285219
285044
284946
284921
284949
285002
285049
285057
285002
284870
284658
284375
284037
283669
283298
282954
282663
282444
282314
282281
282342
282489
282704
282963
283242
283516
283769
283992
284184
284353
284503
284642
284773
284900
285030
285175
285350
285578
285880
286276
286781
287406
288157
289036
290043
291178
292435
293811
295293
296864
298498
300156
301789
303341
304763
306014
307077
307955
308674
309269
309784
310258
310728
311221
311750
312317
312910
313507
314082
314603
315045
315391
315632
315774
315833
315834
315811
315796
315823
315921
316114
316419
316847
317402
318081
318868
319733
320632
321505
322280
322883
323244
323316
323076
322535
321728
320702
319505
318180
316760
315270
313729
312157
310576
309009
307482
306020
304651
303393
302264
301270
300410
299678
299064
298553
298133
297789
297504
297258
297026
296781
296501
296167
295775
295336
294871
294413
293994
293647
293394
293249
293218
293298
293486
293776
294159
294625
295162
295753
296380
297025
297672
298312
298939
299550
300143
300713
301251
301743
302177
302538
302816
303003
303097
303101
303020
302868
302659
302410
302136
301847
301546
301227
300874
300467
299982
299397
298698
297881
296960
295964
294939
293941
293028
292248
291631
291185
290901
290760
290743
290835
291027
291315
291694
292156
292691
293289
293939
294629
295347
296083
296822
297548
298241
298878
299435
299884
300199
300358
300345
300159
299812
299332
298755
298125
297483
296864
296296
295794
295367
295019
294753
294575
294492
294514
294650
294901
295262
295717
296245
296815
297402
297978
298527
299035
299500
299920
300300
300645
300959
301245
301504
301736
301940
302111
302239
302304
302280
302128
301813
301305
300595
299700
298668
297565
296467
295446
294557
293842
293318
292993
292860
292909
293129
293509
294043
294728
295559
296532
297628
298820
300059
301279
302411
303392
304195
304834
305362
305846
306348
306909
307544
308251
309011
309804
310607
311402
312174
312912
313603
314231
314773
315200
315476
315568
315452
315118
314573
313846
312978
312014
310999
309969
308951
307954
306978
306014
305045
304056
303038
301988
300910
299818
298726
297652
296609
295604
294641
293715
292821
291952
291106
290284
289494
288745
288048
287414
286852
286370
285976
285681
285495
285433
285510
285740
286137
286708
287451
288351
289371
290454
291526
292507
293333
293971
294420
294704
294854
294892
294827
294661
294402
294067
293683
293282
292896
292551
292267
292061
291946
291930
292023
292229
292548
292975
293498
294096
294745
295414
296072
296687
297234
297693
298058
298329
298518
298641
298717
298765
298799
298831
298875
298943
299057
299239
299520
299928
300493
301234
302164
303281
304572
306007
307544
309131
310709
312216
313593
314787
315752
316448
316846
316932
316708
316202
315460
314546
313525
312456
311386
310347
309360
308440
307596
306835
306158
305559
305026
304538
304069
303596
303104
302590
302065
301550
301069
300645
300295
300034
299872
299820
299887
300085
300422
300908
301543
302326
303248
304292
305440
306672
307965
309300
310650
311984
313268
314458
315503
316345
316925
317181
317062
316530
315569
314190
312429
310342
307998
305472
302837
300161
297510
294939
292498
290231
288169
286334
284736
283375
282245
281335
280632
280127
279814
279689
279748
279988
280398
280967
281679
282517
283469
284529
285694
286971
288361
289862
291451
293084
294695
296214
297583
298784
299838
300794
301702
302595
303472
304309
305062
305684
306132
306380
306415
306241
305875
305342
304673
303902
303062
302186
301305
300450
299646
298916
298279
297740
297298
296940
296641
296372
296106
295821
295506
295156
294774
294362
293919
293448
292949
292432
291916
291435
291027
290738
290605
290649
290874
291260
291772
292369
293010
293663
294306
294920
295489
295996
296427
296782
297075
297331
297584
297862
298185
298558
298976
299423
299874
300303
300682
300983
301184
301266
301217
301031
300708
300253
299675
298988
298211
297367
296484
295594
294728
293914
293170
292509
291934
291441
291025
290680
290402
290185
290026
289923
289873
289874
289933
290059
290268
290581
291023
291614
292365
293277
294328
295480
296678
297858
298962
299944
300782
301471
302027
302476
302856
303205
303560
303950
304395
304901
305461
306058
306670
307273
307846
308377
308861
309304
309718
310119
310527
310954
311411
311903
312429
312981
313550
314122
314681
315212
315702
316143
316536
316891
317229
317575
317956
318401
318928
319551
320271
321081
321966
322899
323848
324774
325625
326346
326882
327185
327233
327026
326596
325993
325278
324513
323754
323045
322419
321893
321470
321145
320897
320698
320509
320277
319941
319446
318759
317899
316932
315958
315076
314359
313850
313563
313492
313628
313955
314463
315137
315963
316917
317969
319076
320184
321224
322117
322779
323124
323076
322584
321626
320211
318379
316191
313721
311048
308251
305405
302581
299842
297240
294821
292614
290640
288907
287414
286155
285120
284300
283687
283278
283073
283072
283273
283673
284258
285004
285872
286810
287754
288628
289360
289885
290162
290178
289951
289525
288957
288310
287644
287011
286455
286008
285692
285527
285522
285686
286020
286523
287189
288005
288950
289995
291090
292173
293170
294008
294642
295063
295302
295419
295478
295538
295640
295811
296062
296394
296801
297277
297809
298387
298996
299627
300274
300940
301631
302360
303137
303969
304860
305806
306797
307814
308825
309789
310652
311356
311845
312073
312014
311671
311072
310277
309363
308419
307536
306795
306260
305975
305960
306211
306703
307394
308228
309143
310074
310957
311734
312355
312775
312964
312899
312573
311993
311180
310176
309034
307816
306594
305432
304389
303511
302827
302348
302065
301949
301954
302027
302113
302174
302194
302187
302192
302257
302431
302749
303229
303871
304653
305539
306480
307417
308294
309057
309664
310091
310330
310392
310303
310102
309836
309554
309303
309121
309033
309047
309155
309332
309546
309766
309967
310140
310282
310402
310505
310594
310667
310716
310736
310717
310650
310530
310352
310117
309833
309516
309192
308888
308632
308446
308341
308314
308351
308428
308517
308590
308624
308607
308535
308418
308275
308132
308020
307968
308000
308133
308375
308723
309166
309683
310251
310841
311423
311967
312447
312836
313116
313274
313310
313234
313071
312860
312650
312496
312446
312541
312806
313246
313845
314567
315356
316146
316862
317430
317785
317875
317672
317164
316362
315292
313997
312526
310937
309285
307618
305973
304372
302821
301319
299859
298439
297059
295733
294480
293323
292290
291405
290690
290157
289811
289650
289662
289828
290122
290515
290973
291461
291940
292373
292726
292971
293092
293088
292978
292793
292574
292366
292204
292113
292111
292205
292399
292694
293088
293571
294124
294715
295308
295863
296354
296770
297118
297421
297707
298005
298336
298720
299167
299684
300277
300944
301684
302492
303359
304275
305230
306209
307199
308183
309144
310060
310904
311647
312258
312706
312967
313022
312864
312497
311933
311193
310306
309305
308227
307113
306001
304925
303909
302970
302113
301336
300635
300008
299455
298986
298613
298355
298229
298254
298443
298804
299337
300034
300877
301838
302886
303984
305096
306188
307230
308201
309080
309856
310519
311071
311519
311886
312207
312527
312899
313369
313970
314714
315591
316573
317619
318683
319721
320695
321569
322317
322922
323372
323655
323750
323628
323256
322610
321685
320504
319110
317563
315920
314233
312541
310869
309230
307627
306064
304542
303067
301648
300296
299027
297857
296810
295910
295184
294653
294332
294220
294302
294549
294920
295374
295874
296391
296898
297368
297770
298076
298262
298321
298262
298109
297894
297650
297398
297148
296903
296657
296406
296151
295895
295646
295411
295200
295020
294874
294769
294706
294684
294698
294736
294784
294823
294841
294829
294790
294732
294672
294629
294623
294668
294775
294942
295161
295411
295662
295884
296041
296105
296057
295887
295598
295204
294724
294183
293607
293023
292461
291949
291512
291176
290958
290867
290901
291049
291286
291574
291866
292108
292249
292250
292100
291815
291437
291023
290631
290309
290092
289997
290026
290172
290420
290752
291147
291581
292032
292478
292902
293287
293619
293889
294093
294227
294293
294295
294239
294131
293981
293797
293586
293352
293097
292809
292478
292090
291639
291132
290587
290037
289515
289051
288670
288381
288188
288092
288093
288195
288407
288743
289214
289832
290600
291516
292567
293728
294964
296228
297468
298628
299666
300562
301330
302014
302677
303386
304195
305135
306206
307384
308624
309864
311037
312076
312927
313553
313943
314104
314070
313887
313611
313303
313021
312819
312738
312805
313028
313397
313887
314465
315096
315747
316395
317020
317605
318124
318540
318797
318839
318621
318131
317401
316495
315497
314490
313544
312707
312012
311475
311101
310884
310811
310860
311004
311213
311451
311689
311895
312045
312116
312090
311955
311703
311335
310859
310292
309653
308962
308236
307484
306712
305918
305103
304267
303412
302545
301675
300813
299972
299166
298408
297713
297096
296570
296147
295839
295657
295611
295709
295956
296358
296915
297626
298485
299483
300609
301844
303171
304568
306015
307495
308998
310517
312053
313606
315170
316733
318269
319743
321114
322345
323406
324282
324973
325492
325858
326092
326209
326217
326112
325881
325505
324958
324215
323256
322069
320656
319035
317239
315313
313311
311289
309300
307389
305592
303932
302424
301074
299881
298836
297929
297143
296459
295858
295323
294841
294409
294035
293731
293516
293412
293434
293589
293872
294263
294724
295200
295625
295922
296015
295846
295386
294650
293698
292625
291540
290540
289695
289045
288600
288354
288290
288396
288659
289072
289625
290303
291085
291942
292845
293761
294659
295514
296302
297006
297609
298103
298485
298757
298932
299025
299058
299057
299043
299045
299085
299187
299373
299661
300068
300606
301281
302096
303042
304108
305272
306504
307775
309052
310303
311503
312635
313685
314647
315518
316298
316990
317600
318134
318602
319013
319373
319683
319936
320118
320213
320208
320100
319902
319643
319367
319122
318953
318899
318986
319224
319610
320130
320759
321463
322199
322920
323574
324105
324462
324605
324507
324161
323582
322807
321886
320881
319856
318867
317963
317176
316526
316021
315658
315427
315313
315299
315362
315479
315622
315762
315870
315917
315876
315725
315450
315043
314506
313848
313087
312247
311357
310451
309564
308732
307990
307370
306899
306592
306461
306502
306706
307055
307523
308084
308710
309375
310053
310726
311376
311993
312571
313109
313613
314087
314542
314985
315425
315863
316298
316722
317121
317473
317757
317948
318026
317972
317779
317448
316996
316450
315850
315238
314657
314139
313707
313365
313099
312880
312667
312412
312067
311588
310945
310117
309095
307877
306475
304907
303204
301410
299575
297756
296009
294384
292922
291652
290590
289740
289096
288644
288368
288254
288295
288496
288872
289441
290220
291218
292427
293820
295353
296967
298596
300176
301654
302993
304174
305193
306057
306773
307349
307787
308083
308230
308217
308034
307671
307124
306394
305489
304426
303234
301953
300631
299325
298093
296992
296071
295367
294904
294690
294718
294965
295401
295991
296701
297503
298379
299318
300320
301386
302517
303708
304943
306196
307427
308592
309643
310541
311263
311804
312176
312403
312513
312536
312493
312402
312272
312110
311921
311706
311463
311191
310883
310534
310139
309695
309203
308673
308122
307573
307053
306589
306208
305930
305770
305735
305826
306036
306353
306757
307226
307733
308250
308750
309205
309586
309868
310022
310023
309846
309473
308891
308099
307105
305926
304589
303128
301584
300006
298449
296967
295613
294431
293455
292703
292178
291867
291745
291774
291908
292094
292279
292413
292449
292346
292075
291615
290965
290142
289187
288162
287143
286212
285448
284915
284657
284698
285045
285686
286601
287760
289129
290671
292347
294114
295928
297745
299524
301226
302821
304291
305628
306838
307936
308941
309869
310730
311524
312240
312858
313355
313703
313879
313863
313645
313223
312602
311801
310848
309787
308675
307579
306567
305698
305013
304537
304271
304202
304306
304551
304903
305329
305799
306283
306748
307163
307490
307691
307730
307572
307190
306567
305702
304612
303334
301921
300441
298962
297555
296277
295172
294267
293571
293076
292761
292596
292547
292582
292679
292823
293011
293244
293528
293867
294261
294706
295186
295682
296165
296609
296988
297284
297488
297593
297596
297486
297252
296886
296396
295806
295165
294529
293961
293512
293219
293103
293169
293408
293802
294326
294949
295638
296362
297092
297810
298507
299185
299852
300523
301211
301926
302669
303435
304211
304977
305713
306395
307003
307513
307905
308162
308267
308212
307996
307627
307126
306526
305867
305196
304558
303999
303555
303254
303113
303136
303320
303650
304103
304654
305274
305932
306599
307248
307857
308410
308901
309335
309721
310075
310414
310749
311087
311430
311769
312094
312390
312641
312832
312949
312981
312919
312757
312495
312143
311717
311242
310752
310280
309863
309527
309293
309172
309168
309275
309483
309780
310149
310574
311042
311540
312060
312596
313144
313697
314243
314765
315237
315627
315897
316001
315893
315526
314863
313883
312589
311009
309195
307211
305132
303028
300969
299013
297216
295621
294267
293183
292389
291895
291700
291792
292146
292724
293479
294356
295297
296249
297171
298037
298842
299597
300324
301056
301827
302671
303620
304703
305937
307331
308880
310561
312336
314146
315921
317582
319049
320250
321129
321647
321799
321601
321099
320354
319439
318423
317369
316328
315335
314415
313582
312846
312211
311678
311238
310872
310551
310236
309883
309451
308912
308254
307483
306626
305718
304797
303900
303055
302283
301596
300999
300488
300056
299686
299359
299052
298745
298421
298069
297683
297269
296836
296406
296000
295650
295387
295243
295248
295426
295792
296352
297097
298008
299051
300184
301360
302529
303652
304693
305629
306441
307114
307638
308005
308214
308268
308180
307968
307653
307260
306812
306332
305843
305371
304939
304574
304302
304145
304126
304259
304553
305012
305629
306393
307287
308285
309360
310473
311585
312650
313619
314446
315089
315517
315706
315650
315354
314835
314119
313241
312239
311148
310002
308830
307649
306473
305308
304158
303025
301911
300820
299755
298720
297719
296753
295824
294937
294099
293323
292627
292030
291551
291204
290993
290917
290968
291135
291405
291773
292234
292789
293442
294190
295029
295946
296920
297926
298935
299921
300858
301726
302511
303204
303803
304309
304731
305078
305364
305601
305805
305983
306143
306282
306394
306469
306496
306468
306386
306262
306117
305981
305883
305844
305877
305980
306135
306318
306500
306654
306766
306832
306862
306868
306864
306858
306852
306844
306832
306809
306773
306725
306664
306598
306535
306487
306465
306480
306535
306624
306732
306834
306896
306877
306729
306400
305841
305009
303885
302475
300826
299013
297130
295274
293525
291948
290584
289458
288583
287960
287586
287449
287529
287798
288222
288759
289364
289994
290611
291187
291706
292167
292577
292956
293324
293704
294118
294582
295112
295716
296400
297162
297991
298871
299770
300652
301475
302199
302792
303244
303562
303773
303920
304048
304203
304422
304732
305147
305670
306290
306989
307746
308536
309341
310145
310932
311683
312371
312967
313438
313758
313912
313901
313738
313446
313053
312583
312060
311497
310905
310290
309659
309021
308386
307771
307194
306675
306236
305899
305683
305603
305667
305877
306224
306691
307252
307876
308530
309179
309794
310345
310810
311170
311415
311541
311551
311461
311288
311060
310803
310542
310299
310090
309920
309789
309689
309608
309534
309459
309380
309300
309224
309156
309100
309056
309022
308997
308983
308989
309029
309125
309305
309599
310040
310657
311472
312496
313725
315139
316696
318340
320001
321604
323077
324360
325409
326198
326721
326986
327017
326847
326514
326059
325518
324924
324303
323675
323057
322462
321900
321381
320910
320490
320120
319796
319509
319249
319004
318758
318497
318204
317865
317465
316992
316440
315805
315093
314314
313480
312611
311721
310831
309955
309113
308321
307597
306959
306420
305987
305660
305429
305277
305181
305117
305064
305006
304935
304854
304774
304717
304709
304775
304939
305218
305618
306136
306758
307463
308220
308999
309763
310480
311120
311658
312076
312364
312518
312546
312458
312275
312020
311720
311404
311096
310816
310575
310379
310218
310073
309918
309716
309430
309022
308460
307727
306822
305767
304600
303374
302150
300985
299931
299028
298308
297791
297490
297410
297552
297908
298467
299209
300109
301133
302246
303410
304589
305754
306879
307949
308953
309888
310753
311551
312282
312945
313534
314041
314455
314760
314947
315006
314931
314724
314387
313929
313364
312706
311973
311188
310374
309555
308756
307996
307291
306647
306058
305511
304984
304450
303883
303263
302579
301833
301045
300252
299499
298838
298318
297975
297833
297893
298144
298558
299096
299712
300355
300973
301522
