2048
800.000000
0.000000 0.000000
0.001000 0.000020
0.002000 0.000080
0.003000 0.000180
0.004000 0.000320
0.005000 0.000500
0.006000 0.000717
0.007000 0.000976
0.008000 0.001270
0.009000 0.001605
0.010000 0.001977
0.011000 0.002383
0.012000 0.002829
0.013000 0.003307
0.014000 0.003822
0.015000 0.004372
0.016000 0.004951
0.017000 0.005568
0.018000 0.006211
0.019000 0.006887
0.020000 0.007595
0.021000 0.008325
0.022000 0.009090
0.023000 0.009875
0.024000 0.010687
0.025000 0.011527
0.026000 0.012382
0.027000 0.013268
0.028000 0.014168
0.029000 0.015090
0.030000 0.016034
0.031000 0.016989
0.032000 0.017970
0.033000 0.018960
0.034000 0.019968
0.035000 0.020996
0.036000 0.022027
0.037000 0.023082
0.038000 0.024141
0.039000 0.025214
0.040000 0.026302
0.041000 0.027389
0.042000 0.028496
0.043000 0.029604
0.044000 0.030719
0.045000 0.031848
0.046000 0.032971
0.047000 0.034111
0.048000 0.035248
0.049000 0.036389
0.050000 0.037542
0.051000 0.038686
0.052000 0.039846
0.053000 0.041001
0.054000 0.042158
0.055000 0.043326
0.056000 0.044483
0.057000 0.045654
0.058000 0.046820
0.059000 0.047986
0.060000 0.049161
0.061000 0.050325
0.062000 0.051499
0.063000 0.052669
0.064000 0.053836
0.065000 0.055011
0.066000 0.056175
0.067000 0.057348
0.068000 0.058517
0.069000 0.059682
0.070000 0.060856
0.071000 0.062018
0.072000 0.063189
0.073000 0.064356
0.074000 0.065519
0.075000 0.066692
0.076000 0.067852
0.077000 0.069022
0.078000 0.070187
0.079000 0.071348
0.080000 0.072519
0.081000 0.073676
0.082000 0.074843
0.083000 0.076006
0.084000 0.077163
0.085000 0.078330
0.086000 0.079484
0.087000 0.080645
0.088000 0.081803
0.089000 0.082954
0.090000 0.084114
0.091000 0.085260
0.092000 0.086412
0.093000 0.087560
0.094000 0.088700
0.095000 0.089848
0.096000 0.090982
0.097000 0.092120
0.098000 0.093256
0.099000 0.094380
0.100000 0.095513
0.101000 0.096632
0.102000 0.097752
0.103000 0.098870
0.104000 0.099977
0.105000 0.101091
0.106000 0.102191
0.107000 0.103293
0.108000 0.104393
0.109000 0.105483
0.110000 0.106581
0.111000 0.107667
0.112000 0.108756
0.113000 0.109846
0.114000 0.110926
0.115000 0.112016
0.116000 0.113096
0.117000 0.114180
0.118000 0.115267
0.119000 0.116344
0.120000 0.117434
0.121000 0.118514
0.122000 0.119599
0.123000 0.120689
0.124000 0.121770
0.125000 0.122864
0.126000 0.123951
0.127000 0.125042
0.128000 0.126140
0.129000 0.127230
0.130000 0.128333
0.131000 0.129431
0.132000 0.130532
0.133000 0.131643
0.134000 0.132746
0.135000 0.133864
0.136000 0.134977
0.137000 0.136095
0.138000 0.137224
0.139000 0.138346
0.140000 0.139484
0.141000 0.140618
0.142000 0.141758
0.143000 0.142909
0.144000 0.144053
0.145000 0.145213
0.146000 0.146371
0.147000 0.147532
0.148000 0.148706
0.149000 0.149872
0.150000 0.151053
0.151000 0.152233
0.152000 0.153415
0.153000 0.154610
0.154000 0.155797
0.155000 0.156999
0.156000 0.158200
0.157000 0.159403
0.158000 0.160619
0.159000 0.161826
0.160000 0.163047
0.161000 0.164266
0.162000 0.165485
0.163000 0.166717
0.164000 0.167938
0.165000 0.169171
0.166000 0.170402
0.167000 0.171629
0.168000 0.172869
0.169000 0.174095
0.170000 0.175332
0.171000 0.176566
0.172000 0.177794
0.173000 0.179032
0.174000 0.180257
0.175000 0.181491
0.176000 0.182721
0.177000 0.183944
0.178000 0.185177
0.179000 0.186397
0.180000 0.187624
0.181000 0.188849
0.182000 0.190067
0.183000 0.191295
0.184000 0.192510
0.185000 0.193732
0.186000 0.194953
0.187000 0.196167
0.188000 0.197392
0.189000 0.198604
0.190000 0.199822
0.191000 0.201040
0.192000 0.202250
0.193000 0.203470
0.194000 0.204677
0.195000 0.205890
0.196000 0.207103
0.197000 0.208305
0.198000 0.209519
0.199000 0.210721
0.200000 0.211927
0.201000 0.213135
0.202000 0.214332
0.203000 0.215541
0.204000 0.216739
0.205000 0.217941
0.206000 0.219145
0.207000 0.220339
0.208000 0.221545
0.209000 0.222740
0.210000 0.223938
0.211000 0.225139
0.212000 0.226329
0.213000 0.227531
0.214000 0.228722
0.215000 0.229914
0.216000 0.231111
0.217000 0.232296
0.218000 0.233492
0.219000 0.234679
0.220000 0.235867
0.221000 0.237060
0.222000 0.238241
0.223000 0.239434
0.224000 0.240619
0.225000 0.241804
0.226000 0.242995
0.227000 0.244175
0.228000 0.245367
0.229000 0.246552
0.230000 0.247737
0.231000 0.248929
0.232000 0.250111
0.233000 0.251306
0.234000 0.252495
0.235000 0.253685
0.236000 0.254884
0.237000 0.256073
0.238000 0.257276
0.239000 0.258474
0.240000 0.259674
0.241000 0.260884
0.242000 0.262083
0.243000 0.263296
0.244000 0.264506
0.245000 0.265715
0.246000 0.266935
0.247000 0.268145
0.248000 0.269368
0.249000 0.270588
0.250000 0.271807
0.251000 0.273037
0.252000 0.274256
0.253000 0.275488
0.254000 0.276716
0.255000 0.277942
0.256000 0.279180
0.257000 0.280405
0.258000 0.281641
0.259000 0.282873
0.260000 0.284100
0.261000 0.285338
0.262000 0.286562
0.263000 0.287795
0.264000 0.289024
0.265000 0.290247
0.266000 0.291480
0.267000 0.292699
0.268000 0.293926
0.269000 0.295150
0.270000 0.296366
0.271000 0.297593
0.272000 0.298805
0.273000 0.300024
0.274000 0.301239
0.275000 0.302445
0.276000 0.303659
0.277000 0.304858
0.278000 0.306060
0.279000 0.307257
0.280000 0.308442
0.281000 0.309633
0.282000 0.310807
0.283000 0.311982
0.284000 0.313153
0.285000 0.314310
0.286000 0.315474
0.287000 0.316623
0.288000 0.317773
0.289000 0.318920
0.290000 0.320056
0.291000 0.321199
0.292000 0.322330
0.293000 0.323462
0.294000 0.324595
0.295000 0.325718
0.296000 0.326851
0.297000 0.327973
0.298000 0.329099
0.299000 0.330227
0.300000 0.331347
0.301000 0.332480
0.302000 0.333604
0.303000 0.334734
0.304000 0.335870
0.305000 0.337000
0.306000 0.338144
0.307000 0.339284
0.308000 0.340431
0.309000 0.341586
0.310000 0.342737
0.311000 0.343904
0.312000 0.345067
0.313000 0.346238
0.314000 0.347419
0.315000 0.348595
0.316000 0.349788
0.317000 0.350978
0.318000 0.352174
0.319000 0.353382
0.320000 0.354584
0.321000 0.355803
0.322000 0.357020
0.323000 0.358243
0.324000 0.359478
0.325000 0.360707
0.326000 0.361954
0.327000 0.363198
0.328000 0.364448
0.329000 0.365711
0.330000 0.366966
0.331000 0.368238
0.332000 0.369508
0.333000 0.370781
0.334000 0.372066
0.335000 0.373342
0.336000 0.374634
0.337000 0.375922
0.338000 0.377212
0.339000 0.378514
0.340000 0.379807
0.341000 0.381114
0.342000 0.382419
0.343000 0.383724
0.344000 0.385043
0.345000 0.386353
0.346000 0.387677
0.347000 0.389000
0.348000 0.390323
0.349000 0.391660
0.350000 0.392988
0.351000 0.394331
0.352000 0.395673
0.353000 0.397015
0.354000 0.398371
0.355000 0.399718
0.356000 0.401079
0.357000 0.402440
0.358000 0.403800
0.359000 0.405174
0.360000 0.406538
0.361000 0.407914
0.362000 0.409291
0.363000 0.410664
0.364000 0.412051
0.365000 0.413426
0.366000 0.414812
0.367000 0.416198
0.368000 0.417578
0.369000 0.418971
0.370000 0.420352
0.371000 0.421743
0.372000 0.423134
0.373000 0.424518
0.374000 0.425917
0.375000 0.427304
0.376000 0.428699
0.377000 0.430096
0.378000 0.431486
0.379000 0.432891
0.380000 0.434284
0.381000 0.435685
0.382000 0.437089
0.383000 0.438485
0.384000 0.439895
0.385000 0.441294
0.386000 0.442700
0.387000 0.444109
0.388000 0.445508
0.389000 0.446921
0.390000 0.448322
0.391000 0.449729
0.392000 0.451139
0.393000 0.452537
0.394000 0.453947
0.395000 0.455345
0.396000 0.456745
0.397000 0.458146
0.398000 0.459532
0.399000 0.460928
0.400000 0.462307
0.401000 0.463684
0.402000 0.465060
0.403000 0.466417
0.404000 0.467779
0.405000 0.469122
0.406000 0.470460
0.407000 0.471794
0.408000 0.473107
0.409000 0.474424
0.410000 0.475722
0.411000 0.477013
0.412000 0.478302
0.413000 0.479569
0.414000 0.480840
0.415000 0.482093
0.416000 0.483338
0.417000 0.484581
0.418000 0.485802
0.419000 0.487026
0.420000 0.488233
0.421000 0.489431
0.422000 0.490627
0.423000 0.491803
0.424000 0.492981
0.425000 0.494146
0.426000 0.495301
0.427000 0.496458
0.428000 0.497596
0.429000 0.498739
0.430000 0.499870
0.431000 0.500994
0.432000 0.502122
0.433000 0.503234
0.434000 0.504351
0.435000 0.505461
0.436000 0.506565
0.437000 0.507674
0.438000 0.508770
0.439000 0.509873
0.440000 0.510971
0.441000 0.512064
0.442000 0.513165
0.443000 0.514255
0.444000 0.515352
0.445000 0.516446
0.446000 0.517535
0.447000 0.518633
0.448000 0.519721
0.449000 0.520816
0.450000 0.521909
0.451000 0.522998
0.452000 0.524096
0.453000 0.525185
0.454000 0.526282
0.455000 0.527379
0.456000 0.528472
0.457000 0.529577
0.458000 0.530673
0.459000 0.531779
0.460000 0.532886
0.461000 0.533989
0.462000 0.535106
0.463000 0.536213
0.464000 0.537330
0.465000 0.538448
0.466000 0.539561
0.467000 0.540686
0.468000 0.541802
0.469000 0.542924
0.470000 0.544047
0.471000 0.545162
0.472000 0.546289
0.473000 0.547404
0.474000 0.548524
0.475000 0.549645
0.476000 0.550759
0.477000 0.551883
0.478000 0.552998
0.479000 0.554118
0.480000 0.555241
0.481000 0.556357
0.482000 0.557485
0.483000 0.558605
0.484000 0.559731
0.485000 0.560861
0.486000 0.561984
0.487000 0.563120
0.488000 0.564249
0.489000 0.565382
0.490000 0.566521
0.491000 0.567651
0.492000 0.568794
0.493000 0.569929
0.494000 0.571067
0.495000 0.572210
0.496000 0.573344
0.497000 0.574488
0.498000 0.575625
0.499000 0.576764
0.500000 0.577907
0.501000 0.579041
0.502000 0.580185
0.503000 0.581322
0.504000 0.582459
0.505000 0.583601
0.506000 0.584733
0.507000 0.585875
0.508000 0.587009
0.509000 0.588143
0.510000 0.589282
0.511000 0.590409
0.512000 0.591546
0.513000 0.592676
0.514000 0.593804
0.515000 0.594937
0.516000 0.596059
0.517000 0.597189
0.518000 0.598312
0.519000 0.599433
0.520000 0.600559
0.521000 0.601674
0.522000 0.602797
0.523000 0.603914
0.524000 0.605029
0.525000 0.606151
0.526000 0.607262
0.527000 0.608383
0.528000 0.609500
0.529000 0.610615
0.530000 0.611740
0.531000 0.612855
0.532000 0.613980
0.533000 0.615104
0.534000 0.616227
0.535000 0.617361
0.536000 0.618486
0.537000 0.619623
0.538000 0.620760
0.539000 0.621895
0.540000 0.623043
0.541000 0.624183
0.542000 0.625333
0.543000 0.626482
0.544000 0.627629
0.545000 0.628787
0.546000 0.629935
0.547000 0.631090
0.548000 0.632243
0.549000 0.633390
0.550000 0.634546
0.551000 0.635689
0.552000 0.636836
0.553000 0.637981
0.554000 0.639117
0.555000 0.640261
0.556000 0.641392
0.557000 0.642526
0.558000 0.643658
0.559000 0.644781
0.560000 0.645911
0.561000 0.647028
0.562000 0.648148
0.563000 0.649266
0.564000 0.650375
0.565000 0.651491
0.566000 0.652595
0.567000 0.653702
0.568000 0.654809
0.569000 0.655907
0.570000 0.657014
0.571000 0.658111
0.572000 0.659212
0.573000 0.660314
0.574000 0.661409
0.575000 0.662515
0.576000 0.663613
0.577000 0.664715
0.578000 0.665822
0.579000 0.666922
0.580000 0.668035
0.581000 0.669141
0.582000 0.670252
0.583000 0.671369
0.584000 0.672479
0.585000 0.673602
0.586000 0.674719
0.587000 0.675841
0.588000 0.676970
0.589000 0.678091
0.590000 0.679225
0.591000 0.680354
0.592000 0.681487
0.593000 0.682627
0.594000 0.683759
0.595000 0.684904
0.596000 0.686045
0.597000 0.687188
0.598000 0.688340
0.599000 0.689484
0.600000 0.690641
0.601000 0.691793
0.602000 0.692948
0.603000 0.694112
0.604000 0.695267
0.605000 0.696434
0.606000 0.697597
0.607000 0.698760
0.608000 0.699933
0.609000 0.701095
0.610000 0.702269
0.611000 0.703438
0.612000 0.704607
0.613000 0.705785
0.614000 0.706952
0.615000 0.708131
0.616000 0.709306
0.617000 0.710481
0.618000 0.711665
0.619000 0.712840
0.620000 0.714027
0.621000 0.715211
0.622000 0.716396
0.623000 0.717591
0.624000 0.718778
0.625000 0.719976
0.626000 0.721175
0.627000 0.722373
0.628000 0.723584
0.629000 0.724789
0.630000 0.726006
0.631000 0.727226
0.632000 0.728448
0.633000 0.729685
0.634000 0.730917
0.635000 0.732165
0.636000 0.733418
0.637000 0.734673
0.638000 0.735947
0.639000 0.737217
0.640000 0.738502
0.641000 0.739794
0.642000 0.741087
0.643000 0.742398
0.644000 0.743703
0.645000 0.745022
0.646000 0.746346
0.647000 0.747668
0.648000 0.749007
0.649000 0.750339
0.650000 0.751683
0.651000 0.753032
0.652000 0.754379
0.653000 0.755742
0.654000 0.757098
0.655000 0.758465
0.656000 0.759837
0.657000 0.761204
0.658000 0.762587
0.659000 0.763961
0.660000 0.765344
0.661000 0.766730
0.662000 0.768110
0.663000 0.769504
0.664000 0.770888
0.665000 0.772280
0.666000 0.773676
0.667000 0.775064
0.668000 0.776466
0.669000 0.777859
0.670000 0.779258
0.671000 0.780661
0.672000 0.782056
0.673000 0.783464
0.674000 0.784864
0.675000 0.786267
0.676000 0.787677
0.677000 0.789075
0.678000 0.790487
0.679000 0.791889
0.680000 0.793294
0.681000 0.794703
0.682000 0.796100
0.683000 0.797508
0.684000 0.798904
0.685000 0.800299
0.686000 0.801697
0.687000 0.803079
0.688000 0.804470
0.689000 0.805848
0.690000 0.807223
0.691000 0.808599
0.692000 0.809959
0.693000 0.811326
0.694000 0.812681
0.695000 0.814031
0.696000 0.815384
0.697000 0.816720
0.698000 0.818063
0.699000 0.819394
0.700000 0.820718
0.701000 0.822044
0.702000 0.823352
0.703000 0.824665
0.704000 0.825964
0.705000 0.827255
0.706000 0.828546
0.707000 0.829817
0.708000 0.831090
0.709000 0.832349
0.710000 0.833597
0.711000 0.834843
0.712000 0.836068
0.713000 0.837292
0.714000 0.838502
0.715000 0.839700
0.716000 0.840896
0.717000 0.842071
0.718000 0.843246
0.719000 0.844409
0.720000 0.845559
0.721000 0.846709
0.722000 0.847840
0.723000 0.848971
0.724000 0.850092
0.725000 0.851200
0.726000 0.852309
0.727000 0.853401
0.728000 0.854492
0.729000 0.855573
0.730000 0.856642
0.731000 0.857712
0.732000 0.858765
0.733000 0.859818
0.734000 0.860861
0.735000 0.861893
0.736000 0.862925
0.737000 0.863942
0.738000 0.864957
0.739000 0.865964
0.740000 0.866960
0.741000 0.867958
0.742000 0.868941
0.743000 0.869923
0.744000 0.870900
0.745000 0.871866
0.746000 0.872836
0.747000 0.873794
0.748000 0.874752
0.749000 0.875707
0.750000 0.876653
0.751000 0.877605
0.752000 0.878547
0.753000 0.879492
0.754000 0.880437
0.755000 0.881375
0.756000 0.882323
0.757000 0.883264
0.758000 0.884211
0.759000 0.885163
0.760000 0.886111
0.761000 0.887072
0.762000 0.888031
0.763000 0.888998
0.764000 0.889973
0.765000 0.890948
0.766000 0.891938
0.767000 0.892929
0.768000 0.893930
0.769000 0.894942
0.770000 0.895955
0.771000 0.896986
0.772000 0.898020
0.773000 0.899065
0.774000 0.900125
0.775000 0.901186
0.776000 0.902267
0.777000 0.903353
0.778000 0.904451
0.779000 0.905564
0.780000 0.906680
0.781000 0.907818
0.782000 0.908959
0.783000 0.910113
0.784000 0.911284
0.785000 0.912455
0.786000 0.913648
0.787000 0.914844
0.788000 0.916050
0.789000 0.917271
0.790000 0.918490
0.791000 0.919728
0.792000 0.920966
0.793000 0.922210
0.794000 0.923467
0.795000 0.924717
0.796000 0.925981
0.797000 0.927242
0.798000 0.928502
0.799000 0.929771
0.800000 0.931028
0.801000 0.932293
0.802000 0.933550
0.803000 0.934802
0.804000 0.936059
0.805000 0.937300
0.806000 0.938547
0.807000 0.939785
0.808000 0.941016
0.809000 0.942251
0.810000 0.943472
0.811000 0.944699
0.812000 0.945919
0.813000 0.947134
0.814000 0.948357
0.815000 0.949568
0.816000 0.950787
0.817000 0.952003
0.818000 0.953217
0.819000 0.954441
0.820000 0.955656
0.821000 0.956881
0.822000 0.958107
0.823000 0.959332
0.824000 0.960571
0.825000 0.961802
0.826000 0.963046
0.827000 0.964293
0.828000 0.965540
0.829000 0.966802
0.830000 0.968059
0.831000 0.969328
0.832000 0.970603
0.833000 0.971877
0.834000 0.973167
0.835000 0.974452
0.836000 0.975749
0.837000 0.977051
0.838000 0.978352
0.839000 0.979668
0.840000 0.980978
0.841000 0.982298
0.842000 0.983623
0.843000 0.984944
0.844000 0.986279
0.845000 0.987605
0.846000 0.988939
0.847000 0.990277
0.848000 0.991608
0.849000 0.992951
0.850000 0.994285
0.851000 0.995625
0.852000 0.996968
0.853000 0.998302
0.854000 0.999648
0.855000 1.000984
0.856000 1.002326
0.857000 1.003671
0.858000 1.005007
0.859000 1.006357
0.860000 1.007698
0.861000 1.009044
0.862000 1.010395
0.863000 1.011738
0.864000 1.013094
0.865000 1.014443
0.866000 1.015795
0.867000 1.017154
0.868000 1.018503
0.869000 1.019865
0.870000 1.021219
0.871000 1.022576
0.872000 1.023938
0.873000 1.025290
0.874000 1.026653
0.875000 1.028008
0.876000 1.029362
0.877000 1.030722
0.878000 1.032069
0.879000 1.033427
0.880000 1.034775
0.881000 1.036121
0.882000 1.037473
0.883000 1.038811
0.884000 1.040158
0.885000 1.041496
0.886000 1.042832
0.887000 1.044172
0.888000 1.045498
0.889000 1.046832
0.890000 1.048157
0.891000 1.049479
0.892000 1.050805
0.893000 1.052118
0.894000 1.053438
0.895000 1.054751
0.896000 1.056060
0.897000 1.057375
0.898000 1.058678
0.899000 1.059989
0.900000 1.061295
0.901000 1.062597
0.902000 1.063908
0.903000 1.065207
0.904000 1.066515
0.905000 1.067819
0.906000 1.069120
0.907000 1.070430
0.908000 1.071728
0.909000 1.073035
0.910000 1.074338
0.911000 1.075637
0.912000 1.076944
0.913000 1.078240
0.914000 1.079542
0.915000 1.080843
0.916000 1.082137
0.917000 1.083440
0.918000 1.084732
0.919000 1.086032
0.920000 1.087330
0.921000 1.088622
0.922000 1.089925
0.923000 1.091218
0.924000 1.092519
0.925000 1.093820
0.926000 1.095115
0.927000 1.096423
0.928000 1.097722
0.929000 1.099029
0.930000 1.100338
0.931000 1.101643
0.932000 1.102961
0.933000 1.104272
0.934000 1.105593
0.935000 1.106918
0.936000 1.108239
0.937000 1.109575
0.938000 1.110905
0.939000 1.112244
0.940000 1.113588
0.941000 1.114928
0.942000 1.116283
0.943000 1.117630
0.944000 1.118984
0.945000 1.120344
0.946000 1.121696
0.947000 1.123061
0.948000 1.124417
0.949000 1.125779
0.950000 1.127144
0.951000 1.128501
0.952000 1.129870
0.953000 1.131231
0.954000 1.132595
0.955000 1.133965
0.956000 1.135325
0.957000 1.136699
0.958000 1.138064
0.959000 1.139432
0.960000 1.140806
0.961000 1.142171
0.962000 1.143547
0.963000 1.144916
0.964000 1.146287
0.965000 1.147664
0.966000 1.149029
0.967000 1.150407
0.968000 1.151775
0.969000 1.153145
0.970000 1.154520
0.971000 1.155882
0.972000 1.157255
0.973000 1.158620
0.974000 1.159983
0.975000 1.161352
0.976000 1.162707
0.977000 1.164071
0.978000 1.165426
0.979000 1.166778
0.980000 1.168133
0.981000 1.169473
0.982000 1.170819
0.983000 1.172155
0.984000 1.173484
0.985000 1.174816
0.986000 1.176132
0.987000 1.177452
0.988000 1.178763
0.989000 1.180065
0.990000 1.181371
0.991000 1.182660
0.992000 1.183953
0.993000 1.185236
0.994000 1.186510
0.995000 1.187786
0.996000 1.189045
0.997000 1.190306
0.998000 1.191558
0.999000 1.192798
1.000000 1.194042
1.001000 1.195268
1.002000 1.196495
1.003000 1.197715
1.004000 1.198925
1.005000 1.200139
1.006000 1.201337
1.007000 1.202539
1.008000 1.203736
1.009000 1.204925
1.010000 1.206121
1.011000 1.207305
1.012000 1.208494
1.013000 1.209682
1.014000 1.210863
1.015000 1.212053
1.016000 1.213233
1.017000 1.214419
1.018000 1.215604
1.019000 1.216782
1.020000 1.217969
1.021000 1.219146
1.022000 1.220327
1.023000 1.221507
1.024000 1.222679
1.025000 1.223860
1.026000 1.225029
1.027000 1.226202
1.028000 1.227375
1.029000 1.228539
1.030000 1.229712
1.031000 1.230876
1.032000 1.232043
1.033000 1.233213
1.034000 1.234375
1.035000 1.235550
1.036000 1.236717
1.037000 1.237890
1.038000 1.239068
1.039000 1.240241
1.040000 1.241427
1.041000 1.242608
1.042000 1.243795
1.043000 1.244988
1.044000 1.246176
1.045000 1.247376
1.046000 1.248572
1.047000 1.249773
1.048000 1.250981
1.049000 1.252183
1.050000 1.253399
1.051000 1.254611
1.052000 1.255828
1.053000 1.257054
1.054000 1.258274
1.055000 1.259508
1.056000 1.260739
1.057000 1.261975
1.058000 1.263220
1.059000 1.264458
1.060000 1.265709
1.061000 1.266956
1.062000 1.268206
1.063000 1.269463
1.064000 1.270711
1.065000 1.271970
1.066000 1.273223
1.067000 1.274477
1.068000 1.275737
1.069000 1.276988
1.070000 1.278249
1.071000 1.279505
1.072000 1.280761
1.073000 1.282025
1.074000 1.283280
1.075000 1.284546
1.076000 1.285808
1.077000 1.287070
1.078000 1.288342
1.079000 1.289606
1.080000 1.290881
1.081000 1.292154
1.082000 1.293428
1.083000 1.294713
1.084000 1.295990
1.085000 1.297279
1.086000 1.298567
1.087000 1.299856
1.088000 1.301157
1.089000 1.302450
1.090000 1.303757
1.091000 1.305063
1.092000 1.306370
1.093000 1.307690
1.094000 1.309002
1.095000 1.310327
1.096000 1.311654
1.097000 1.312979
1.098000 1.314317
1.099000 1.315647
1.100000 1.316986
1.101000 1.318326
1.102000 1.319661
1.103000 1.321007
1.104000 1.322342
1.105000 1.323683
1.106000 1.325023
1.107000 1.326354
1.108000 1.327694
1.109000 1.329020
1.110000 1.330351
1.111000 1.331678
1.112000 1.332996
1.113000 1.334321
1.114000 1.335633
1.115000 1.336947
1.116000 1.338259
1.117000 1.339561
1.118000 1.340870
1.119000 1.342167
1.120000 1.343468
1.121000 1.344768
1.122000 1.346059
1.123000 1.347361
1.124000 1.348651
1.125000 1.349947
1.126000 1.351244
1.127000 1.352534
1.128000 1.353835
1.129000 1.355126
1.130000 1.356423
1.131000 1.357723
1.132000 1.359014
1.133000 1.360317
1.134000 1.361611
1.135000 1.362909
1.136000 1.364210
1.137000 1.365503
1.138000 1.366806
1.139000 1.368102
1.140000 1.369399
1.141000 1.370701
1.142000 1.371994
1.143000 1.373297
1.144000 1.374591
1.145000 1.375887
1.146000 1.377187
1.147000 1.378476
1.148000 1.379775
1.149000 1.381066
1.150000 1.382357
1.151000 1.383653
1.152000 1.384939
1.153000 1.386235
1.154000 1.387525
1.155000 1.388816
1.156000 1.390114
1.157000 1.391403
1.158000 1.392705
1.159000 1.394002
1.160000 1.395302
1.161000 1.396611
1.162000 1.397911
1.163000 1.399223
1.164000 1.400531
1.165000 1.401840
1.166000 1.403157
1.167000 1.404464
1.168000 1.405780
1.169000 1.407090
1.170000 1.408397
1.171000 1.409710
1.172000 1.411009
1.173000 1.412313
1.174000 1.413608
1.175000 1.414896
1.176000 1.416186
1.177000 1.417458
1.178000 1.418734
1.179000 1.419999
1.180000 1.421254
1.181000 1.422512
1.182000 1.423753
1.183000 1.424996
1.184000 1.426231
1.185000 1.427457
1.186000 1.428687
1.187000 1.429902
1.188000 1.431119
1.189000 1.432331
1.190000 1.433534
1.191000 1.434742
1.192000 1.435937
1.193000 1.437136
1.194000 1.438330
1.195000 1.439518
1.196000 1.440714
1.197000 1.441898
1.198000 1.443088
1.199000 1.444277
1.200000 1.445461
1.201000 1.446656
1.202000 1.447842
1.203000 1.449036
1.204000 1.450232
1.205000 1.451426
1.206000 1.452632
1.207000 1.453832
1.208000 1.455043
1.209000 1.456259
1.210000 1.457475
1.211000 1.458707
1.212000 1.459936
1.213000 1.461177
1.214000 1.462427
1.215000 1.463677
1.216000 1.464946
1.217000 1.466213
1.218000 1.467493
1.219000 1.468782
1.220000 1.470071
1.221000 1.471378
1.222000 1.472683
1.223000 1.474000
1.224000 1.475326
1.225000 1.476649
1.226000 1.477991
1.227000 1.479329
1.228000 1.480677
1.229000 1.482035
1.230000 1.483388
1.231000 1.484758
1.232000 1.486124
1.233000 1.487498
1.234000 1.488880
1.235000 1.490257
1.236000 1.491649
1.237000 1.493035
1.238000 1.494428
1.239000 1.495828
1.240000 1.497220
1.241000 1.498626
1.242000 1.500026
1.243000 1.501429
1.244000 1.502838
1.245000 1.504238
1.246000 1.505648
1.247000 1.507050
1.248000 1.508452
1.249000 1.509859
1.250000 1.511254
1.251000 1.512657
1.252000 1.514052
1.253000 1.515444
1.254000 1.516840
1.255000 1.518223
1.256000 1.519614
1.257000 1.520996
1.258000 1.522375
1.259000 1.523757
1.260000 1.525127
1.261000 1.526503
1.262000 1.527871
1.263000 1.529235
1.264000 1.530604
1.265000 1.531958
1.266000 1.533319
1.267000 1.534672
1.268000 1.536020
1.269000 1.537372
1.270000 1.538710
1.271000 1.540054
1.272000 1.541390
1.273000 1.542719
1.274000 1.544054
1.275000 1.545373
1.276000 1.546697
1.277000 1.548014
1.278000 1.549323
1.279000 1.550636
1.280000 1.551935
1.281000 1.553237
1.282000 1.554533
1.283000 1.555819
1.284000 1.557110
1.285000 1.558386
1.286000 1.559665
1.287000 1.560937
1.288000 1.562199
1.289000 1.563466
1.290000 1.564719
1.291000 1.565974
1.292000 1.567225
1.293000 1.568468
1.294000 1.569718
1.295000 1.570956
1.296000 1.572200
1.297000 1.573444
1.298000 1.574683
1.299000 1.575933
1.300000 1.577178
1.301000 1.578432
1.302000 1.579692
1.303000 1.580952
1.304000 1.582229
1.305000 1.583504
1.306000 1.584792
1.307000 1.586091
1.308000 1.587392
1.309000 1.588713
1.310000 1.590033
1.311000 1.591367
1.312000 1.592711
1.313000 1.594056
1.314000 1.595419
1.315000 1.596779
1.316000 1.598150
1.317000 1.599528
1.318000 1.600902
1.319000 1.602290
1.320000 1.603672
1.321000 1.605059
1.322000 1.606451
1.323000 1.607834
1.324000 1.609227
1.325000 1.610611
1.326000 1.611996
1.327000 1.613384
1.328000 1.614759
1.329000 1.616143
1.330000 1.617515
1.331000 1.618885
1.332000 1.620257
1.333000 1.621614
1.334000 1.622977
1.335000 1.624329
1.336000 1.625677
1.337000 1.627026
1.338000 1.628361
1.339000 1.629702
1.340000 1.631032
1.341000 1.632359
1.342000 1.633688
1.343000 1.635002
1.344000 1.636323
1.345000 1.637634
1.346000 1.638941
1.347000 1.640249
1.348000 1.641543
1.349000 1.642842
1.350000 1.644131
1.351000 1.645413
1.352000 1.646697
1.353000 1.647964
1.354000 1.649234
1.355000 1.650493
1.356000 1.651743
1.357000 1.652994
1.358000 1.654229
1.359000 1.655466
1.360000 1.656694
1.361000 1.657914
1.362000 1.659137
1.363000 1.660345
1.364000 1.661558
1.365000 1.662764
1.366000 1.663965
1.367000 1.665171
1.368000 1.666366
1.369000 1.667569
1.370000 1.668768
1.371000 1.669965
1.372000 1.671172
1.373000 1.672372
1.374000 1.673581
1.375000 1.674792
1.376000 1.676004
1.377000 1.677228
1.378000 1.678449
1.379000 1.679681
1.380000 1.680919
1.381000 1.682158
1.382000 1.683413
1.383000 1.684665
1.384000 1.685930
1.385000 1.687201
1.386000 1.688472
1.387000 1.689758
1.388000 1.691040
1.389000 1.692332
1.390000 1.693627
1.391000 1.694920
1.392000 1.696224
1.393000 1.697519
1.394000 1.698821
1.395000 1.700123
1.396000 1.701417
1.397000 1.702720
1.398000 1.704011
1.399000 1.705304
1.400000 1.706596
1.401000 1.707877
1.402000 1.709166
1.403000 1.710443
1.404000 1.711722
1.405000 1.713001
1.406000 1.714270
1.407000 1.715549
1.408000 1.716819
1.409000 1.718094
1.410000 1.719372
1.411000 1.720645
1.412000 1.721930
1.413000 1.723211
1.414000 1.724498
1.415000 1.725792
1.416000 1.727081
1.417000 1.728385
1.418000 1.729684
1.419000 1.730990
1.420000 1.732305
1.421000 1.733614
1.422000 1.734938
1.423000 1.736258
1.424000 1.737584
1.425000 1.738919
1.426000 1.740250
1.427000 1.741595
1.428000 1.742938
1.429000 1.744287
1.430000 1.745646
1.431000 1.747001
1.432000 1.748371
1.433000 1.749740
1.434000 1.751114
1.435000 1.752500
1.436000 1.753881
1.437000 1.755278
1.438000 1.756673
1.439000 1.758074
1.440000 1.759487
1.441000 1.760896
1.442000 1.762320
1.443000 1.763745
1.444000 1.765175
1.445000 1.766619
1.446000 1.768058
1.447000 1.769514
1.448000 1.770971
1.449000 1.772433
1.450000 1.773909
1.451000 1.775380
1.452000 1.776865
1.453000 1.778350
1.454000 1.779836
1.455000 1.781335
1.456000 1.782823
1.457000 1.784324
1.458000 1.785820
1.459000 1.787314
1.460000 1.788817
1.461000 1.790307
1.462000 1.791805
1.463000 1.793298
1.464000 1.794784
1.465000 1.796278
1.466000 1.797757
1.467000 1.799242
1.468000 1.800722
1.469000 1.802194
1.470000 1.803673
1.471000 1.805138
1.472000 1.806609
1.473000 1.808076
1.474000 1.809536
1.475000 1.811005
1.476000 1.812461
1.477000 1.813925
1.478000 1.815387
1.479000 1.816843
1.480000 1.818310
1.481000 1.819766
1.482000 1.821229
1.483000 1.822693
1.484000 1.824151
1.485000 1.825621
1.486000 1.827082
1.487000 1.828550
1.488000 1.830020
1.489000 1.831485
1.490000 1.832962
1.491000 1.834430
1.492000 1.835904
1.493000 1.837381
1.494000 1.838850
1.495000 1.840331
1.496000 1.841801
1.497000 1.843277
1.498000 1.844755
1.499000 1.846224
1.500000 1.847705
1.501000 1.849176
1.502000 1.850653
1.503000 1.852132
1.504000 1.853604
1.505000 1.855089
1.506000 1.856566
1.507000 1.858049
1.508000 1.859537
1.509000 1.861019
1.510000 1.862514
1.511000 1.864003
1.512000 1.865497
1.513000 1.866999
1.514000 1.868493
1.515000 1.870000
1.516000 1.871501
1.517000 1.873006
1.518000 1.874517
1.519000 1.876020
1.520000 1.877535
1.521000 1.879042
1.522000 1.880552
1.523000 1.882068
1.524000 1.883573
1.525000 1.885090
1.526000 1.886598
1.527000 1.888107
1.528000 1.889621
1.529000 1.891122
1.530000 1.892633
1.531000 1.894134
1.532000 1.895633
1.533000 1.897135
1.534000 1.898622
1.535000 1.900117
1.536000 1.901600
1.537000 1.903079
1.538000 1.904560
1.539000 1.906025
1.540000 1.907495
1.541000 1.908954
1.542000 1.910406
1.543000 1.911860
1.544000 1.913297
1.545000 1.914738
1.546000 1.916167
1.547000 1.917588
1.548000 1.919010
1.549000 1.920414
1.550000 1.921819
1.551000 1.923213
1.552000 1.924596
1.553000 1.925979
1.554000 1.927343
1.555000 1.928706
1.556000 1.930059
1.557000 1.931398
1.558000 1.932738
1.559000 1.934060
1.560000 1.935381
1.561000 1.936693
1.562000 1.937994
1.563000 1.939298
1.564000 1.940585
1.565000 1.941875
1.566000 1.943158
1.567000 1.944433
1.568000 1.945714
1.569000 1.946981
1.570000 1.948253
1.571000 1.949521
1.572000 1.950781
1.573000 1.952048
1.574000 1.953302
1.575000 1.954558
1.576000 1.955810
1.577000 1.957051
1.578000 1.958296
1.579000 1.959526
1.580000 1.960755
1.581000 1.961976
1.582000 1.963184
1.583000 1.964392
1.584000 1.965583
1.585000 1.966770
1.586000 1.967947
1.587000 1.969109
1.588000 1.970269
1.589000 1.971410
1.590000 1.972545
1.591000 1.973672
1.592000 1.974781
1.593000 1.975890
1.594000 1.976981
1.595000 1.978067
1.596000 1.979146
1.597000 1.980210
1.598000 1.981275
1.599000 1.982326
1.600000 1.983373
1.601000 1.984417
1.602000 1.985449
1.603000 1.986484
1.604000 1.987508
1.605000 1.988532
1.606000 1.989555
1.607000 1.990570
1.608000 1.991592
1.609000 1.992608
1.610000 1.993626
1.611000 1.994648
1.612000 1.995666
1.613000 1.996695
1.614000 1.997723
1.615000 1.998757
1.616000 1.999801
1.617000 2.000844
1.618000 2.001902
1.619000 2.002963
1.620000 2.004032
1.621000 2.005115
1.622000 2.006199
1.623000 2.007300
1.624000 2.008406
1.625000 2.009520
1.626000 2.010648
1.627000 2.011777
1.628000 2.012923
1.629000 2.014074
1.630000 2.015233
1.631000 2.016409
1.632000 2.017585
1.633000 2.018779
1.634000 2.019980
1.635000 2.021190
1.636000 2.022418
1.637000 2.023648
1.638000 2.024897
1.639000 2.026154
1.640000 2.027419
1.641000 2.028703
1.642000 2.029988
1.643000 2.031292
1.644000 2.032602
1.645000 2.033919
1.646000 2.035254
1.647000 2.036588
1.648000 2.037939
1.649000 2.039296
1.650000 2.040658
1.651000 2.042037
1.652000 2.043414
1.653000 2.044807
1.654000 2.046206
1.655000 2.047607
1.656000 2.049026
1.657000 2.050441
1.658000 2.051871
1.659000 2.053307
1.660000 2.054744
1.661000 2.056197
1.662000 2.057647
1.663000 2.059110
1.664000 2.060579
1.665000 2.062047
1.666000 2.063532
1.667000 2.065011
1.668000 2.066501
1.669000 2.067996
1.670000 2.069488
1.671000 2.070994
1.672000 2.072493
1.673000 2.074000
1.674000 2.075511
1.675000 2.077015
1.676000 2.078532
1.677000 2.080040
1.678000 2.081552
1.679000 2.083066
1.680000 2.084570
1.681000 2.086083
1.682000 2.087583
1.683000 2.089083
1.684000 2.090582
1.685000 2.092067
1.686000 2.093557
1.687000 2.095031
1.688000 2.096503
1.689000 2.097971
1.690000 2.099423
1.691000 2.100879
1.692000 2.102321
1.693000 2.103759
1.694000 2.105196
1.695000 2.106620
1.696000 2.108050
1.697000 2.109470
1.698000 2.110889
1.699000 2.112311
1.700000 2.113723
1.701000 2.115144
1.702000 2.116558
1.703000 2.117972
1.704000 2.119392
1.705000 2.120803
1.706000 2.122225
1.707000 2.123641
1.708000 2.125060
1.709000 2.126487
1.710000 2.127907
1.711000 2.129340
1.712000 2.130771
1.713000 2.132208
1.714000 2.133655
1.715000 2.135099
1.716000 2.136558
1.717000 2.138018
1.718000 2.139484
1.719000 2.140963
1.720000 2.142437
1.721000 2.143927
1.722000 2.145417
1.723000 2.146910
1.724000 2.148415
1.725000 2.149912
1.726000 2.151422
1.727000 2.152930
1.728000 2.154438
1.729000 2.155956
1.730000 2.157465
1.731000 2.158986
1.732000 2.160505
1.733000 2.162024
1.734000 2.163556
1.735000 2.165080
1.736000 2.166617
1.737000 2.168156
1.738000 2.169696
1.739000 2.171251
1.740000 2.172801
1.741000 2.174365
1.742000 2.175931
1.743000 2.177498
1.744000 2.179080
1.745000 2.180654
1.746000 2.182241
1.747000 2.183829
1.748000 2.185414
1.749000 2.187012
1.750000 2.188599
1.751000 2.190196
1.752000 2.191791
1.753000 2.193380
1.754000 2.194978
1.755000 2.196564
1.756000 2.198155
1.757000 2.199743
1.758000 2.201322
1.759000 2.202908
1.760000 2.204480
1.761000 2.206055
1.762000 2.207625
1.763000 2.209184
1.764000 2.210750
1.765000 2.212300
1.766000 2.213852
1.767000 2.215400
1.768000 2.216936
1.769000 2.218478
1.770000 2.220006
1.771000 2.221534
1.772000 2.223059
1.773000 2.224572
1.774000 2.226092
1.775000 2.227596
1.776000 2.229101
1.777000 2.230603
1.778000 2.232092
1.779000 2.233585
1.780000 2.235064
1.781000 2.236541
1.782000 2.238014
1.783000 2.239473
1.784000 2.240937
1.785000 2.242386
1.786000 2.243833
1.787000 2.245277
1.788000 2.246707
1.789000 2.248143
1.790000 2.249565
1.791000 2.250985
1.792000 2.252403
1.793000 2.253809
1.794000 2.255219
1.795000 2.256618
1.796000 2.258014
1.797000 2.259411
1.798000 2.260794
1.799000 2.262183
1.800000 2.263562
1.801000 2.264938
1.802000 2.266316
1.803000 2.267681
1.804000 2.269053
1.805000 2.270417
1.806000 2.271780
1.807000 2.273146
1.808000 2.274503
1.809000 2.275869
1.810000 2.277229
1.811000 2.278590
1.812000 2.279959
1.813000 2.281321
1.814000 2.282693
1.815000 2.284063
1.816000 2.285434
1.817000 2.286815
1.818000 2.288188
1.819000 2.289571
1.820000 2.290952
1.821000 2.292332
1.822000 2.293720
1.823000 2.295098
1.824000 2.296485
1.825000 2.297867
1.826000 2.299246
1.827000 2.300631
1.828000 2.302005
1.829000 2.303385
1.830000 2.304761
1.831000 2.306133
1.832000 2.307512
1.833000 2.308880
1.834000 2.310255
1.835000 2.311628
1.836000 2.312997
1.837000 2.314374
1.838000 2.315741
1.839000 2.317115
1.840000 2.318487
1.841000 2.319854
1.842000 2.321230
1.843000 2.322595
1.844000 2.323965
1.845000 2.325333
1.846000 2.326694
1.847000 2.328062
1.848000 2.329418
1.849000 2.330777
1.850000 2.332134
1.851000 2.333484
1.852000 2.334840
1.853000 2.336186
1.854000 2.337537
1.855000 2.338887
1.856000 2.340233
1.857000 2.341589
1.858000 2.342938
1.859000 2.344295
1.860000 2.345656
1.861000 2.347015
1.862000 2.348388
1.863000 2.349756
1.864000 2.351135
1.865000 2.352521
1.866000 2.353906
1.867000 2.355307
1.868000 2.356706
1.869000 2.358116
1.870000 2.359535
1.871000 2.360953
1.872000 2.362388
1.873000 2.363822
1.874000 2.365265
1.875000 2.366718
1.876000 2.368169
1.877000 2.369636
1.878000 2.371102
1.879000 2.372576
1.880000 2.374059
1.881000 2.375540
1.882000 2.377037
1.883000 2.378532
1.884000 2.380036
1.885000 2.381549
1.886000 2.383059
1.887000 2.384584
1.888000 2.386106
1.889000 2.387634
1.890000 2.389172
1.891000 2.390702
1.892000 2.392246
1.893000 2.393784
1.894000 2.395324
1.895000 2.396871
1.896000 2.398407
1.897000 2.399952
1.898000 2.401488
1.899000 2.403021
1.900000 2.404556
1.901000 2.406074
1.902000 2.407596
1.903000 2.409104
1.904000 2.410601
1.905000 2.412095
1.906000 2.413566
1.907000 2.415035
1.908000 2.416485
1.909000 2.417921
1.910000 2.419349
1.911000 2.420754
1.912000 2.422155
1.913000 2.423538
1.914000 2.424906
1.915000 2.426270
1.916000 2.427613
1.917000 2.428953
1.918000 2.430280
1.919000 2.431594
1.920000 2.432907
1.921000 2.434202
1.922000 2.435496
1.923000 2.436779
1.924000 2.438052
1.925000 2.439324
1.926000 2.440581
1.927000 2.441838
1.928000 2.443086
1.929000 2.444325
1.930000 2.445565
1.931000 2.446792
1.932000 2.448021
1.933000 2.449243
1.934000 2.450458
1.935000 2.451677
1.936000 2.452884
1.937000 2.454094
1.938000 2.455300
1.939000 2.456501
1.940000 2.457707
1.941000 2.458903
1.942000 2.460103
1.943000 2.461302
1.944000 2.462495
1.945000 2.463695
1.946000 2.464885
1.947000 2.466080
1.948000 2.467273
1.949000 2.468460
1.950000 2.469653
1.951000 2.470838
1.952000 2.472025
1.953000 2.473212
1.954000 2.474392
1.955000 2.475579
1.956000 2.476757
1.957000 2.477938
1.958000 2.479118
1.959000 2.480291
1.960000 2.481471
1.961000 2.482641
1.962000 2.483812
1.963000 2.484983
1.964000 2.486145
1.965000 2.487312
1.966000 2.488471
1.967000 2.489630
1.968000 2.490789
1.969000 2.491941
1.970000 2.493099
1.971000 2.494251
1.972000 2.495406
1.973000 2.496566
1.974000 2.497721
1.975000 2.498887
1.976000 2.500052
1.977000 2.501224
1.978000 2.502405
1.979000 2.503586
1.980000 2.504783
1.981000 2.505982
1.982000 2.507191
1.983000 2.508413
1.984000 2.509635
1.985000 2.510875
1.986000 2.512116
1.987000 2.513367
1.988000 2.514630
1.989000 2.515893
1.990000 2.517171
1.991000 2.518450
1.992000 2.519737
1.993000 2.521036
1.994000 2.522333
1.995000 2.523646
1.996000 2.524961
1.997000 2.526283
1.998000 2.527618
1.999000 2.528952
