0.000000 806.343930
0.001000 807.279229
0.002000 808.114667
0.003000 808.764006
0.004000 809.162941
0.005000 809.276031
0.006000 809.099455
0.007000 808.658640
0.008000 808.001281
0.009000 807.187284
0.010000 806.278449
0.011000 805.331257
0.012000 804.394358
0.013000 803.509653
0.014000 802.714523
0.015000 802.042874
0.016000 801.524094
0.017000 801.180540
0.018000 801.024778
0.019000 801.057297
0.020000 801.265672
0.021000 801.625566
0.022000 802.103724
0.023000 802.662654
0.024000 803.265495
0.025000 803.880203
0.026000 804.481650
0.027000 805.050858
0.028000 805.571976
0.029000 806.028782
0.030000 806.402365
0.031000 806.671505
0.032000 806.815926
0.033000 806.820298
0.034000 806.676872
0.035000 806.385677
0.036000 805.952261
0.037000 805.384230
0.038000 804.688299
0.039000 803.869124
0.040000 802.930637
0.041000 801.879915
0.042000 800.732179
0.043000 799.514790
0.044000 798.268875
0.045000 797.047393
0.046000 795.909585
0.047000 794.913249
0.048000 794.106692
0.049000 793.522468
0.050000 793.174244
0.051000 793.057673
0.052000 793.154578
0.053000 793.438677
0.054000 793.881013
0.055000 794.453318
0.056000 795.128894
0.057000 795.881510
0.058000 796.683095
0.059000 797.501191
0.060000 798.297590
0.061000 799.028747
0.062000 799.648515
0.063000 800.112683
0.064000 800.384114
0.065000 800.437490
0.066000 800.262318
0.067000 799.864004
0.068000 799.262977
0.069000 798.492214
0.070000 797.593342
0.071000 796.611917
0.072000 795.593005
0.073000 794.577541
0.074000 793.600231
0.075000 792.689150
0.076000 791.866367
0.077000 791.148573
0.078000 790.547408
0.079000 790.069077
0.080000 789.713753
0.081000 789.475539
0.082000 789.343009
0.083000 789.300715
0.084000 789.331125
0.085000 789.416084
0.086000 789.537694
0.087000 789.678521
0.088000 789.821556
0.089000 789.950953
0.090000 790.054028
0.091000 790.124311
0.092000 790.164362
0.093000 790.186850
0.094000 790.212428
0.095000 790.264143
0.096000 790.360064
0.097000 790.507044
0.098000 790.698427
0.099000 790.916526
0.100000 791.138814
0.101000 791.345201
0.102000 791.524234
0.103000 791.676844
0.104000 791.817182
0.105000 791.971137
0.106000 792.173098
0.107000 792.461234
0.108000 792.871601
0.109000 793.431714
0.110000 794.154726
0.111000 795.035765
0.112000 796.051885
0.113000 797.165906
0.114000 798.333049
0.115000 799.508174
0.116000 800.651351
0.117000 801.730836
0.118000 802.723608
0.119000 803.614222
0.120000 804.393089
0.121000 805.055060
0.122000 805.598879
0.123000 806.027343
0.124000 806.347476
0.125000 806.570132
0.126000 806.708851
0.127000 806.777504
0.128000 806.787448
0.129000 806.745561
0.130000 806.653932
0.131000 806.511757
0.132000 806.318156
0.133000 806.073796
0.134000 805.779863
0.135000 805.434651
0.136000 805.030267
0.137000 804.552278
0.138000 803.983349
0.139000 803.309242
0.140000 802.524666
0.141000 801.636770
0.142000 800.665276
0.143000 799.639643
0.144000 798.594204
0.145000 797.562085
0.146000 796.569349
0.147000 795.631156
0.148000 794.750862
0.149000 793.922168
0.150000 793.133611
0.151000 792.373547
0.152000 791.634085
0.153000 790.913729
0.154000 790.218160
0.155000 789.559499
0.156000 788.954382
0.157000 788.420838
0.158000 787.974519
0.159000 787.625266
0.160000 787.375469
0.161000 787.220634
0.162000 787.152033
0.163000 787.160208
0.164000 787.237459
0.165000 787.378062
0.166000 787.575794
0.167000 787.819901
0.168000 788.091608
0.169000 788.363604
0.170000 788.603027
0.171000 788.776680
0.172000 788.856602
0.173000 788.823895
0.174000 788.670307
0.175000 788.397824
0.176000 788.017469
0.177000 787.548411
0.178000 787.017694
0.179000 786.460522
0.180000 785.920348
0.181000 785.448085
0.182000 785.099593
0.183000 784.931223
0.184000 784.993419
0.185000 785.323316
0.186000 785.937790
0.187000 786.828714
0.188000 787.962294
0.189000 789.283244
0.190000 790.722936
0.191000 792.209471
0.192000 793.677771
0.193000 795.077515
0.194000 796.378111
0.195000 797.570452
0.196000 798.665728
0.197000 799.691654
0.198000 800.686315
0.199000 801.690132
0.200000 802.736796
0.201000 803.844676
0.202000 805.010336
0.203000 806.205477
0.204000 807.378133
0.205000 808.457886
0.206000 809.363777
0.207000 810.013166
0.208000 810.329752
0.209000 810.249901
0.210000 809.727166
0.211000 808.735338
0.212000 807.270799
0.213000 805.354393
0.214000 803.032190
0.215000 800.375052
0.216000 797.476009
0.217000 794.444634
0.218000 791.399055
0.219000 788.455774
0.220000 785.718741
0.221000 783.269395
0.222000 781.159225
0.223000 779.406414
0.224000 777.997298
0.225000 776.892260
0.226000 776.034151
0.227000 775.357601
0.228000 774.797288
0.229000 774.294197
0.230000 773.800006
0.231000 773.280508
0.232000 772.718932
0.233000 772.118782
0.234000 771.504762
0.235000 770.920220
0.236000 770.420501
0.237000 770.063134
0.238000 769.897942
0.239000 769.959616
0.240000 770.264198
0.241000 770.809623
0.242000 771.578619
0.243000 772.541943
0.244000 773.660776
0.245000 774.888628
0.246000 776.173787
0.247000 777.463280
0.248000 778.707871
0.249000 779.866796
0.250000 780.911706
0.251000 781.828994
0.252000 782.620595
0.253000 783.304043
0.254000 783.911691
0.255000 784.489266
0.256000 785.092798
0.257000 785.783356
0.258000 786.619538
0.259000 787.648152
0.260000 788.895235
0.261000 790.359592
0.262000 792.010672
0.263000 793.791663
0.264000 795.626802
0.265000 797.430986
0.266000 799.119996
0.267000 800.619625
0.268000 801.872485
0.269000 802.841545
0.270000 803.510103
0.271000 803.878540
0.272000 803.959322
0.273000 803.772411
0.274000 803.341936
0.275000 802.694699
0.276000 801.859636
0.277000 800.866854
0.278000 799.747209
0.279000 798.532901
0.280000 797.258831
0.281000 795.964165
0.282000 794.692475
0.283000 793.490249
0.284000 792.405112
0.285000 791.484781
0.286000 790.776140
0.287000 790.322393
0.288000 790.155588
0.289000 790.284873
0.290000 790.686615
0.291000 791.304067
0.292000 792.059178
0.293000 792.870569
0.294000 793.668705
0.295000 794.402679
0.296000 795.038812
0.297000 795.554843
0.298000 795.933362
0.299000 796.157012
0.300000 796.206694
0.301000 796.063190
0.302000 795.711574
0.303000 795.146586
0.304000 794.377682
0.305000 793.431983
0.306000 792.354050
0.307000 791.202418
0.308000 790.043641
0.309000 788.945475
0.310000 787.970317
0.311000 787.170155
0.312000 786.583602
0.313000 786.234521
0.314000 786.131910
0.315000 786.270706
0.316000 786.632873
0.317000 787.189282
0.318000 787.902432
0.319000 788.729994
0.320000 789.628951
0.321000 790.559462
0.322000 791.487594
0.323000 792.386662
0.324000 793.237287
0.325000 794.026834
0.326000 794.748676
0.327000 795.400946
0.328000 795.985035
0.329000 796.503693
0.330000 796.958906
0.331000 797.350280
0.332000 797.673885
0.333000 797.921422
0.334000 798.080418
0.335000 798.135286
0.336000 798.069276
0.337000 797.867511
0.338000 797.520246
0.339000 797.025837
0.340000 796.392973
0.341000 795.641676
0.342000 794.803091
0.343000 793.918103
0.344000 793.034684
0.345000 792.203985
0.346000 791.475715
0.347000 790.893047
0.348000 790.488329
0.349000 790.280438
0.350000 790.273882
0.351000 790.459641
0.352000 790.816401
0.353000 791.311369
0.354000 791.900604
0.355000 792.530386
0.356000 793.141391
0.357000 793.675578
0.358000 794.084295
0.359000 794.335583
0.360000 794.418569
0.361000 794.343886
0.362000 794.140707
0.363000 793.850931
0.364000 793.521343
0.365000 793.195000
0.366000 792.903526
0.367000 792.662174
0.368000 792.469243
0.369000 792.310660
0.370000 792.168148
0.371000 792.027843
0.372000 791.885658
0.373000 791.747035
0.374000 791.621523
0.375000 791.515478
0.376000 791.427672
0.377000 791.350153
0.378000 791.273775
0.379000 791.195578
0.380000 791.124572
0.381000 791.083869
0.382000 791.108511
0.383000 791.239482
0.384000 791.515429
0.385000 791.964227
0.386000 792.596545
0.387000 793.402970
0.388000 794.355135
0.389000 795.410406
0.390000 796.518638
0.391000 797.628929
0.392000 798.695183
0.393000 799.680280
0.394000 800.559141
0.395000 801.321004
0.396000 801.970544
0.397000 802.526920
0.398000 803.020361
0.399000 803.486987
0.400000 803.963333
0.401000 804.481084
0.402000 805.062465
0.403000 805.716154
0.404000 806.434208
0.405000 807.190601
0.406000 807.941639
0.407000 808.629057
0.408000 809.185335
0.409000 809.541165
0.410000 809.634254
0.411000 809.418181
0.412000 808.869615
0.413000 807.992217
0.414000 806.816423
0.415000 805.394858
0.416000 803.794815
0.417000 802.089596
0.418000 800.350625
0.419000 798.642157
0.420000 797.018738
0.421000 795.524858
0.422000 794.195915
0.423000 793.059048
0.424000 792.133196
0.425000 791.428475
0.426000 790.945455
0.427000 790.674990
0.428000 790.598822
0.429000 790.691158
0.430000 790.920713
0.431000 791.252712
0.432000 791.650684
0.433000 792.078243
0.434000 792.500908
0.435000 792.887980
0.436000 793.214311
0.437000 793.461504
0.438000 793.618522
0.439000 793.681824
0.440000 793.655117
0.441000 793.548722
0.442000 793.378864
0.443000 793.167203
0.444000 792.940514
0.445000 792.730393
0.446000 792.572849
0.447000 792.506988
0.448000 792.571889
0.449000 792.801385
0.450000 793.217476
0.451000 793.823919
0.452000 794.602357
0.453000 795.512881
0.454000 796.499249
0.455000 797.497389
0.456000 798.444954
0.457000 799.290006
0.458000 799.997126
0.459000 800.550212
0.460000 800.951976
0.461000 801.220340
0.462000 801.382700
0.463000 801.469336
0.464000 801.507187
0.465000 801.515211
0.466000 801.502343
0.467000 801.468409
0.468000 801.407774
0.469000 801.314810
0.470000 801.189479
0.471000 801.041827
0.472000 800.894407
0.473000 800.781418
0.474000 800.744634
0.475000 800.827028
0.476000 801.065439
0.477000 801.484291
0.478000 802.091820
0.479000 802.879566
0.480000 803.824890
0.481000 804.895388
0.482000 806.053487
0.483000 807.259957
0.484000 808.475210
0.485000 809.658572
0.486000 810.766873
0.487000 811.753792
0.488000 812.571512
0.489000 813.174908
0.490000 813.526980
0.491000 813.603861
0.492000 813.397682
0.493000 812.916534
0.494000 812.182220
0.495000 811.226923
0.496000 810.090129
0.497000 808.816770
0.498000 807.456652
0.499000 806.064202
0.500000 804.697685
0.501000 803.417071
0.502000 802.280470
0.503000 801.339456
0.504000 800.633760
0.505000 800.185647
0.506000 799.994883
0.507000 800.035998
0.508000 800.259116
0.509000 800.595012
0.510000 800.963808
0.511000 801.285767
0.512000 801.491610
0.513000 801.530672
0.514000 801.376061
0.515000 801.026445
0.516000 800.504786
0.517000 799.854580
0.518000 799.134085
0.519000 798.409026
0.520000 797.744847
0.521000 797.198808
0.522000 796.812987
0.523000 796.609551
0.524000 796.589377
0.525000 796.734657
0.526000 797.014740
0.527000 797.393510
0.528000 797.835572
0.529000 798.309862
0.530000 798.790366
0.531000 799.255021
0.532000 799.684797
0.533000 800.063855
0.534000 800.380760
0.535000 800.630294
0.536000 800.814728
0.537000 800.943873
0.538000 801.034022
0.539000 801.105739
0.540000 801.180752
0.541000 801.278335
0.542000 801.411912
0.543000 801.586283
0.544000 801.796116
0.545000 802.026102
0.546000 802.252665
0.547000 802.446524
0.548000 802.575898
0.549000 802.609740
0.550000 802.520414
0.551000 802.286074
0.552000 801.892770
0.553000 801.336393
0.554000 800.624390
0.555000 799.776931
0.556000 798.827017
0.557000 797.819484
0.558000 796.808392
0.559000 795.852733
0.560000 795.011038
0.561000 794.335192
0.562000 793.864779
0.563000 793.623323
0.564000 793.616755
0.565000 793.834624
0.566000 794.253551
0.567000 794.841759
0.568000 795.563689
0.569000 796.383818
0.570000 797.268663
0.571000 798.186997
0.572000 799.108605
0.573000 800.002348
0.574000 800.834870
0.575000 801.570834
0.576000 802.175526
0.577000 802.619243
0.578000 802.882730
0.579000 802.962609
0.580000 802.874827
0.581000 802.654568
0.582000 802.351799
0.583000 802.022955
0.584000 801.720872
0.585000 801.486054
0.586000 801.341690
0.587000 801.293275
0.588000 801.331614
0.589000 801.437415
0.590000 801.586088
0.591000 801.751790
0.592000 801.910594
0.593000 802.042114
0.594000 802.129335
0.595000 802.156936
0.596000 802.108757
0.597000 801.966069
0.598000 801.707964
0.599000 801.314416
0.600000 800.771757
0.601000 800.079170
0.602000 799.254019
0.603000 798.334031
0.604000 797.375274
0.605000 796.445788
0.606000 795.616021
0.607000 794.948618
0.608000 794.490111
0.609000 794.266562
0.610000 794.284426
0.611000 794.535555
0.612000 795.004246
0.613000 795.673542
0.614000 796.528290
0.615000 797.554262
0.616000 798.734522
0.617000 800.045420
0.618000 801.453986
0.619000 802.917846
0.620000 804.387676
0.621000 805.811148
0.622000 807.137486
0.623000 808.321777
0.624000 809.328011
0.625000 810.130738
0.626000 810.715395
0.627000 811.077372
0.628000 811.220444
0.629000 811.155045
0.630000 810.897150
0.631000 810.467471
0.632000 809.890826
0.633000 809.195207
0.634000 808.410030
0.635000 807.563619
0.636000 806.680263
0.637000 805.778314
0.638000 804.870025
0.639000 803.963434
0.640000 803.065699
0.641000 802.186949
0.642000 801.343415
0.643000 800.558787
0.644000 799.863884
0.645000 799.294906
0.646000 798.890642
0.647000 798.689460
0.648000 798.725787
0.649000 799.025482
0.650000 799.600672
0.651000 800.445089
0.652000 801.531510
0.653000 802.812930
0.654000 804.227575
0.655000 805.706415
0.656000 807.180478
0.657000 808.586478
0.658000 809.869845
0.659000 810.985506
0.660000 811.897896
0.661000 812.580812
0.662000 813.017969
0.663000 813.204493
0.664000 813.148782
0.665000 812.873779
0.666000 812.416767
0.667000 811.826527
0.668000 811.157089
0.669000 810.459071
0.670000 809.771204
0.671000 809.115111
0.672000 808.496151
0.673000 807.909950
0.674000 807.351676
0.675000 806.824421
0.676000 806.343472
0.677000 805.935543
0.678000 805.633955
0.679000 805.471744
0.680000 805.474475
0.681000 805.654336
0.682000 806.006264
0.683000 806.506717
0.684000 807.115340
0.685000 807.778882
0.686000 808.436970
0.687000 809.029036
0.688000 809.501506
0.689000 809.814462
0.690000 809.947300
0.691000 809.902408
0.692000 809.705909
0.693000 809.404776
0.694000 809.060278
0.695000 808.738871
0.696000 808.502270
0.697000 808.399388
0.698000 808.461527
0.699000 808.701105
0.700000 809.113800
0.701000 809.682385
0.702000 810.381067
0.703000 811.179668
0.704000 812.047225
0.705000 812.954717
0.706000 813.876575
0.707000 814.790965
0.708000 815.678952
0.709000 816.523136
0.710000 817.306412
0.711000 818.011479
0.712000 818.621178
0.713000 819.119268
0.714000 819.491407
0.715000 819.726386
0.716000 819.817110
0.717000 819.760891
0.718000 819.559339
0.719000 819.217854
0.720000 818.744681
0.721000 818.149298
0.722000 817.440512
0.723000 816.624819
0.724000 815.705218
0.725000 814.681096
0.726000 813.549475
0.727000 812.307454
0.728000 810.955324
0.729000 809.499657
0.730000 807.955537
0.731000 806.347503
0.732000 804.709276
0.733000 803.082347
0.734000 801.513402
0.735000 800.050988
0.736000 798.741651
0.737000 797.625970
0.738000 796.734832
0.739000 796.085992
0.740000 795.682127
0.741000 795.510706
0.742000 795.545727
0.743000 795.751417
0.744000 796.087053
0.745000 796.511679
0.746000 796.987355
0.747000 797.480199
0.748000 797.959774
0.749000 798.397590
0.750000 798.765988
0.751000 799.038582
0.752000 799.192009
0.753000 799.208684
0.754000 799.079673
0.755000 798.807100
0.756000 798.405619
0.757000 797.902186
0.758000 797.334177
0.759000 796.746484
0.760000 796.187747
0.761000 795.706018
0.762000 795.344547
0.763000 795.137743
0.764000 795.107464
0.765000 795.260515
0.766000 795.587782
0.767000 796.065633
0.768000 796.659771
0.769000 797.330997
0.770000 798.041432
0.771000 798.759349
0.772000 799.461328
0.773000 800.130954
0.774000 800.754924
0.775000 801.318770
0.776000 801.804683
0.777000 802.192923
0.778000 802.467024
0.779000 802.620304
0.780000 802.660699
0.781000 802.611687
0.782000 802.508307
0.783000 802.390353
0.784000 802.295882
0.785000 802.256779
0.786000 802.296573
0.787000 802.429433
0.788000 802.658832
0.789000 802.975855
0.790000 803.358033
0.791000 803.769767
0.792000 804.165475
0.793000 804.495057
0.794000 804.710306
0.795000 804.770894
0.796000 804.648559
0.797000 804.329041
0.798000 803.812640
0.799000 803.114214
0.800000 802.262603
0.801000 801.298815
0.802000 800.272277
0.803000 799.235212
0.804000 798.236066
0.805000 797.313809
0.806000 796.494430
0.807000 795.790468
0.808000 795.203404
0.809000 794.728113
0.810000 794.358005
0.811000 794.089238
0.812000 793.922833
0.813000 793.863777
0.814000 793.917543
0.815000 794.085152
0.816000 794.358836
0.817000 794.720405
0.818000 795.143707
0.819000 795.600932
0.820000 796.070337
0.821000 796.542467
0.822000 797.021621
0.823000 797.520477
0.824000 798.049726
0.825000 798.607835
0.826000 799.176523
0.827000 799.724228
0.828000 800.215017
0.829000 800.618284
0.830000 800.915224
0.831000 801.101268
0.832000 801.185411
0.833000 801.187269
0.834000 801.132505
0.835000 801.046961
0.836000 800.950755
0.837000 800.853804
0.838000 800.754337
0.839000 800.640952
0.840000 800.497328
0.841000 800.308232
0.842000 800.064904
0.843000 799.768639
0.844000 799.432041
0.845000 799.077365
0.846000 798.732363
0.847000 798.424621
0.848000 798.175337
0.849000 797.994497
0.850000 797.879126
0.851000 797.815016
0.852000 797.781168
0.853000 797.755197
0.854000 797.718183
0.855000 797.657485
0.856000 797.567274
0.857000 797.447190
0.858000 797.299460
0.859000 797.125911
0.860000 796.925828
0.861000 796.695214
0.862000 796.427738
0.863000 796.116887
0.864000 795.758695
0.865000 795.354072
0.866000 794.909830
0.867000 794.438225
0.868000 793.955236
0.869000 793.478114
0.870000 793.023209
0.871000 792.604843
0.872000 792.234999
0.873000 791.923363
0.874000 791.677014
0.875000 791.499244
0.876000 791.387827
0.877000 791.333802
0.878000 791.321771
0.879000 791.331957
0.880000 791.343690
0.881000 791.339155
0.882000 791.306385
0.883000 791.241349
0.884000 791.148810
0.885000 791.042259
0.886000 790.943023
0.887000 790.878620
0.888000 790.880226
0.889000 790.978944
0.890000 791.201865
0.891000 791.568664
0.892000 792.089192
0.893000 792.762184
0.894000 793.575094
0.895000 794.504465
0.896000 795.516712
0.897000 796.569807
0.898000 797.616018
0.899000 798.605396
0.900000 799.489839
0.901000 800.226941
0.902000 800.782619
0.903000 801.132649
0.904000 801.263034
0.905000 801.170256
0.906000 800.862294
0.907000 800.360656
0.908000 799.702376
0.909000 798.939879
0.910000 798.137399
0.911000 797.363455
0.912000 796.681701
0.913000 796.143201
0.914000 795.782452
0.915000 795.617082
0.916000 795.649340
0.917000 795.867855
0.918000 796.249302
0.919000 796.760156
0.920000 797.358924
0.921000 797.999312
0.922000 798.633970
0.923000 799.218466
0.924000 799.715265
0.925000 800.097041
0.926000 800.349377
0.927000 800.472381
0.928000 800.480464
0.929000 800.401011
0.930000 800.272038
0.931000 800.139063
0.932000 800.051639
0.933000 800.059925
0.934000 800.211461
0.935000 800.547974
0.936000 801.102082
0.937000 801.894014
0.938000 802.928721
0.939000 804.194089
0.940000 805.660823
0.941000 807.284556
0.942000 809.010154
0.943000 810.777775
0.944000 812.529288
0.945000 814.213912
0.946000 815.792259
0.947000 817.237968
0.948000 818.537368
0.949000 819.687793
0.950000 820.695051
0.951000 821.570878
0.952000 822.330843
0.953000 822.992574
0.954000 823.574311
0.955000 824.093637
0.956000 824.566155
0.957000 825.004388
0.958000 825.416736
0.959000 825.806457
0.960000 826.171161
0.961000 826.503060
0.962000 826.789937
0.963000 827.016406
0.964000 827.165383
0.965000 827.219438
0.966000 827.162038
0.967000 826.979106
0.968000 826.660958
0.969000 826.204128
0.970000 825.612368
0.971000 824.896772
0.972000 824.074690
0.973000 823.168061
0.974000 822.201976
0.975000 821.203375
0.976000 820.200070
0.977000 819.219845
0.978000 818.289344
0.979000 817.432980
0.980000 816.671881
0.981000 816.023130
0.982000 815.499141
0.983000 815.106955
0.984000 814.847867
0.985000 814.717372
0.986000 814.705811
0.987000 814.799688
0.988000 814.982797
0.989000 815.236503
0.990000 815.538804
0.991000 815.862697
0.992000 816.174592
0.993000 816.434428
0.994000 816.598017
0.995000 816.621104
0.996000 816.464525
0.997000 816.099209
0.998000 815.509703
0.999000 814.695526
