0.000000 806.343930
0.001000 807.279249
0.002000 811.614134
0.003000 809.983810
0.004000 806.535691
0.005000 810.084944
0.006000 810.520659
0.007000 815.211130
0.008000 815.922943
0.009000 812.763013
0.010000 807.533020
0.011000 806.874579
0.012000 800.001190
0.013000 796.790614
0.014000 796.736329
0.015000 802.789291
0.016000 800.386542
0.017000 795.092529
0.018000 797.553819
0.019000 805.033761
0.020000 804.811611
0.021000 806.059806
0.022000 802.987927
0.023000 806.288973
0.024000 804.453305
0.025000 799.821646
0.026000 804.798064
0.027000 807.312235
0.028000 804.293638
0.029000 805.885251
0.030000 805.610353
0.031000 804.509944
0.032000 802.839367
0.033000 800.077733
0.034000 801.073944
0.035000 810.131672
0.036000 809.226109
0.037000 803.519815
0.038000 803.188106
0.039000 808.723811
0.040000 805.159893
0.041000 809.068907
0.042000 804.253385
0.043000 800.939777
0.044000 800.545100
0.045000 800.032246
0.046000 799.800932
0.047000 799.968355
0.048000 803.239843
0.049000 800.240133
0.050000 795.740815
0.051000 798.830399
0.052000 800.413035
0.053000 801.062504
0.054000 801.045207
0.055000 801.407432
0.056000 801.896956
0.057000 798.922765
0.058000 794.673199
0.059000 796.653304
0.060000 794.188940
0.061000 788.751427
0.062000 786.474798
0.063000 788.575694
0.064000 787.228723
0.065000 791.333846
0.066000 790.885101
0.067000 787.337966
0.068000 784.262402
0.069000 781.179893
0.070000 779.984461
0.071000 778.543092
0.072000 778.512632
0.073000 779.323694
0.074000 778.554431
0.075000 775.930860
0.076000 774.199653
0.077000 769.777897
0.078000 775.099875
0.079000 781.474160
0.080000 781.686491
0.081000 782.191112
0.082000 785.704574
0.083000 785.641412
0.084000 785.670675
0.085000 789.035367
0.086000 787.214081
0.087000 789.858209
0.088000 787.937783
0.089000 789.998063
0.090000 791.817414
0.091000 789.155392
0.092000 789.593893
0.093000 787.695044
0.094000 788.464136
0.095000 790.088552
0.096000 789.139183
0.097000 790.769668
0.098000 790.609138
0.099000 783.271852
0.100000 785.895639
0.101000 785.947249
0.102000 782.323142
0.103000 781.241626
0.104000 783.141806
0.105000 779.049776
0.106000 777.437033
0.107000 773.038892
0.108000 767.576266
0.109000 767.459674
0.110000 768.109038
0.111000 767.871892
0.112000 769.792402
0.113000 775.310937
0.114000 774.418736
0.115000 775.048727
0.116000 775.887623
0.117000 781.358520
0.118000 779.948007
0.119000 777.502072
0.120000 778.864000
0.121000 779.800177
0.122000 783.343753
0.123000 785.976267
0.124000 789.358670
0.125000 787.325124
0.126000 786.959364
0.127000 788.417603
0.128000 787.019803
0.129000 786.478741
0.130000 782.148017
0.131000 782.670950
0.132000 783.763425
0.133000 787.132765
0.134000 783.783626
0.135000 783.777064
0.136000 788.204684
0.137000 790.157436
0.138000 789.941340
0.139000 794.562326
0.140000 795.321599
0.141000 786.764764
0.142000 786.728376
0.143000 782.523776
0.144000 783.968869
0.145000 786.368062
0.146000 788.440468
0.147000 784.972195
0.148000 784.619795
0.149000 785.930742
0.150000 787.880303
0.151000 794.148755
0.152000 797.469303
0.153000 800.277081
0.154000 804.966576
0.155000 809.512579
0.156000 811.425867
0.157000 811.452564
0.158000 815.520580
0.159000 814.461263
0.160000 818.337242
0.161000 822.258744
0.162000 822.549692
0.163000 828.821185
0.164000 827.477047
0.165000 827.653600
0.166000 829.068788
0.167000 826.869073
0.168000 825.826434
0.169000 822.369357
0.170000 820.047421
0.171000 817.162403
0.172000 820.150982
0.173000 821.224915
0.174000 825.923017
0.175000 826.435115
0.176000 831.447714
0.177000 825.342181
0.178000 827.506525
0.179000 824.420135
0.180000 825.064249
0.181000 826.977405
0.182000 824.918869
0.183000 827.990565
0.184000 818.550658
0.185000 817.111257
0.186000 815.905199
0.187000 816.223010
0.188000 818.254432
0.189000 817.627487
0.190000 815.394180
0.191000 815.449375
0.192000 819.228449
0.193000 817.376355
0.194000 814.702014
0.195000 815.361265
0.196000 813.498898
0.197000 810.363104
0.198000 812.075821
0.199000 810.763023
0.200000 809.859845
0.201000 808.681122
0.202000 806.980098
0.203000 807.102840
0.204000 803.576807
0.205000 804.102182
0.206000 800.769614
0.207000 802.557792
0.208000 800.918145
0.209000 797.663996
0.210000 800.792429
0.211000 799.240905
0.212000 800.998498
0.213000 802.199903
0.214000 802.431065
0.215000 802.590932
0.216000 805.350703
0.217000 804.807030
0.218000 804.888344
0.219000 800.593412
0.220000 801.219554
0.221000 799.704072
0.222000 799.642106
0.223000 796.815311
0.224000 800.715370
0.225000 801.100392
0.226000 800.865711
0.227000 801.296072
0.228000 802.306540
0.229000 807.993458
0.230000 811.034000
0.231000 811.782827
0.232000 815.106790
0.233000 814.387408
0.234000 813.086490
0.235000 816.241333
0.236000 815.502384
0.237000 811.394273
0.238000 811.756709
0.239000 807.105087
0.240000 806.639726
0.241000 812.106359
0.242000 806.397973
0.243000 802.072692
0.244000 803.402699
0.245000 805.295996
0.246000 807.013030
0.247000 809.108173
0.248000 808.526354
0.249000 809.432570
0.250000 807.710495
0.251000 807.112051
0.252000 808.745405
0.253000 811.103279
0.254000 814.194914
0.255000 813.747667
0.256000 814.096495
0.257000 813.036750
0.258000 812.964706
0.259000 814.442363
0.260000 814.030342
0.261000 812.874194
0.262000 811.349136
0.263000 812.865962
0.264000 809.172706
0.265000 806.820977
0.266000 805.033594
0.267000 803.647763
0.268000 801.574667
0.269000 793.450887
0.270000 800.254379
0.271000 802.935900
0.272000 801.567870
0.273000 797.937993
0.274000 801.036464
0.275000 803.009615
0.276000 805.340024
0.277000 809.779543
0.278000 813.479171
0.279000 815.621372
0.280000 814.810624
0.281000 814.807384
0.282000 813.317713
0.283000 812.873734
0.284000 813.637999
0.285000 813.528489
0.286000 812.636896
0.287000 816.510164
0.288000 813.379844
0.289000 812.289986
0.290000 821.258024
0.291000 823.246226
0.292000 823.295553
0.293000 828.392630
0.294000 831.241909
0.295000 828.678222
0.296000 828.057941
0.297000 832.488936
0.298000 833.216479
0.299000 831.634635
0.300000 830.203552
0.301000 832.350065
0.302000 831.487385
0.303000 826.549000
0.304000 826.784561
0.305000 824.772481
0.306000 821.617452
0.307000 826.687313
0.308000 824.974269
0.309000 822.446393
0.310000 818.824936
0.311000 813.575380
0.312000 815.713166
0.313000 816.968358
0.314000 814.111339
0.315000 818.020424
0.316000 819.350747
0.317000 818.507440
0.318000 821.115127
0.319000 827.771315
0.320000 827.465520
0.321000 822.858794
0.322000 824.519934
0.323000 821.248678
0.324000 820.014433
0.325000 815.787556
0.326000 813.527884
0.327000 813.480834
0.328000 816.407662
0.329000 811.133383
0.330000 804.628942
0.331000 801.556722
0.332000 802.383886
0.333000 803.327775
0.334000 803.897787
0.335000 806.725796
0.336000 808.750926
0.337000 812.131763
0.338000 814.357044
0.339000 814.855423
0.340000 813.976743
0.341000 812.447183
0.342000 815.034773
0.343000 816.458723
0.344000 816.112059
0.345000 817.148646
0.346000 816.964729
0.347000 817.140043
0.348000 824.981337
0.349000 820.353363
0.350000 819.229260
0.351000 814.953416
0.352000 815.719267
0.353000 818.329838
0.354000 816.249222
0.355000 812.516329
0.356000 816.503402
0.357000 816.020519
0.358000 815.217741
0.359000 815.868733
0.360000 817.843884
0.361000 818.156747
0.362000 817.572707
0.363000 819.897534
0.364000 820.812343
0.365000 818.478961
0.366000 819.435448
0.367000 816.663251
0.368000 819.469216
0.369000 820.060617
0.370000 821.839525
0.371000 823.493029
0.372000 824.142298
0.373000 826.754443
0.374000 831.836607
0.375000 831.812377
0.376000 829.367000
0.377000 829.668667
0.378000 829.241869
0.379000 828.869735
0.380000 828.617072
0.381000 827.539794
0.382000 827.686841
0.383000 829.231676
0.384000 828.699319
0.385000 826.906131
0.386000 823.916152
0.387000 816.603997
0.388000 816.470523
0.389000 816.264718
0.390000 813.259832
0.391000 813.358481
0.392000 816.692208
0.393000 819.548382
0.394000 818.783455
0.395000 811.254684
0.396000 811.905195
0.397000 807.280916
0.398000 804.487050
0.399000 802.998620
0.400000 804.389647
0.401000 799.079052
0.402000 799.544000
0.403000 799.541447
0.404000 801.781598
0.405000 799.290221
0.406000 799.342431
0.407000 793.634553
0.408000 801.894067
0.409000 805.589366
0.410000 806.750451
0.411000 808.449760
0.412000 806.569778
0.413000 807.890127
0.414000 808.099923
0.415000 810.857641
0.416000 807.195049
0.417000 809.580368
0.418000 811.016720
0.419000 806.916973
0.420000 804.649298
0.421000 801.019097
0.422000 798.133438
0.423000 796.746916
0.424000 793.618429
0.425000 795.820842
0.426000 800.165489
0.427000 794.583561
0.428000 796.049506
0.429000 799.518066
0.430000 800.924502
0.431000 804.508291
0.432000 801.503140
0.433000 805.330813
0.434000 805.700214
0.435000 807.646789
0.436000 807.623897
0.437000 811.268479
0.438000 812.642738
0.439000 807.054951
0.440000 804.687996
0.441000 807.871459
0.442000 809.804076
0.443000 810.549378
0.444000 809.623944
0.445000 810.605275
0.446000 809.365582
0.447000 809.955843
0.448000 811.973955
0.449000 811.425236
0.450000 812.882747
0.451000 814.026428
0.452000 814.212364
0.453000 818.389666
0.454000 814.991357
0.455000 821.884484
0.456000 818.753037
0.457000 814.857885
0.458000 812.041630
0.459000 808.555444
0.460000 810.821510
0.461000 814.946363
0.462000 815.225649
0.463000 810.652036
0.464000 812.579733
0.465000 809.645151
0.466000 805.652157
0.467000 808.599538
0.468000 811.153409
0.469000 814.835170
0.470000 812.828212
0.471000 813.401904
0.472000 812.305745
0.473000 813.636982
0.474000 811.402821
0.475000 817.985157
0.476000 819.786177
0.477000 818.478464
0.478000 820.888934
0.479000 821.363490
0.480000 820.306416
0.481000 820.040682
0.482000 813.811575
0.483000 813.380605
0.484000 809.675526
0.485000 811.968393
0.486000 810.997557
0.487000 807.739550
0.488000 803.366839
0.489000 807.424457
0.490000 809.824328
0.491000 810.821157
0.492000 812.023783
0.493000 809.078800
0.494000 809.761363
0.495000 808.758393
0.496000 808.494874
0.497000 811.693109
0.498000 810.073801
0.499000 808.644488
0.500000 808.085391
0.501000 807.641947
0.502000 808.174202
0.503000 803.573237
0.504000 805.689609
0.505000 805.619682
0.506000 801.663014
0.507000 800.067697
0.508000 798.353667
0.509000 802.802976
0.510000 803.923369
0.511000 805.476951
0.512000 808.526681
0.513000 805.879955
0.514000 807.025143
0.515000 810.608815
0.516000 807.354690
0.517000 803.561532
0.518000 810.886896
0.519000 810.951260
0.520000 808.316224
0.521000 811.670163
0.522000 808.368948
0.523000 806.850644
0.524000 813.970487
0.525000 811.539962
0.526000 813.137349
0.527000 817.995491
0.528000 824.850395
0.529000 827.084501
0.530000 827.956041
0.531000 830.802727
0.532000 833.231930
0.533000 831.538427
0.534000 837.091640
0.535000 840.129478
0.536000 840.921639
0.537000 845.567731
0.538000 849.266240
0.539000 849.835531
0.540000 847.066989
0.541000 842.249292
0.542000 839.667713
0.543000 837.065822
0.544000 832.600885
0.545000 832.262694
0.546000 831.229968
0.547000 833.925118
0.548000 830.990404
0.549000 831.489540
0.550000 831.697094
0.551000 829.566568
0.552000 828.823899
0.553000 830.311709
0.554000 825.122006
0.555000 822.666237
0.556000 819.722956
0.557000 820.173813
0.558000 821.912253
0.559000 821.894837
0.560000 816.175516
0.561000 819.708807
0.562000 813.514490
0.563000 818.019111
0.564000 818.414625
0.565000 818.196502
0.566000 819.261370
0.567000 814.701083
0.568000 817.930839
0.569000 822.721451
0.570000 823.221739
0.571000 822.274157
0.572000 822.353322
0.573000 817.990943
0.574000 815.512524
0.575000 812.911548
0.576000 814.618685
0.577000 809.972073
0.578000 809.102533
0.579000 809.139446
0.580000 807.335878
0.581000 806.477551
0.582000 806.338771
0.583000 810.631104
0.584000 811.133183
0.585000 807.348465
0.586000 806.236602
0.587000 798.724251
0.588000 798.745967
0.589000 794.814138
0.590000 793.644992
0.591000 793.467253
0.592000 785.745387
0.593000 785.733951
0.594000 788.122975
0.595000 785.629951
0.596000 789.174240
0.597000 788.995898
0.598000 789.309863
0.599000 788.733645
0.600000 788.421560
0.601000 789.949674
0.602000 789.064066
0.603000 789.304340
0.604000 795.108341
0.605000 796.661482
0.606000 800.281890
0.607000 799.898381
0.608000 802.586283
0.609000 801.160266
0.610000 803.368536
0.611000 801.417936
0.612000 801.641245
0.613000 805.042726
0.614000 809.971062
0.615000 812.370887
0.616000 811.837834
0.617000 813.555277
0.618000 808.330597
0.619000 808.353071
0.620000 806.719285
0.621000 805.688619
0.622000 807.528683
0.623000 808.422983
0.624000 809.221875
0.625000 811.874979
0.626000 811.713228
0.627000 808.502162
0.628000 802.636746
0.629000 799.916988
0.630000 801.853652
0.631000 798.711412
0.632000 796.745382
0.633000 796.119328
0.634000 802.638684
0.635000 801.162653
0.636000 802.751445
0.637000 804.742716
0.638000 803.852727
0.639000 810.766622
0.640000 810.851338
0.641000 812.694466
0.642000 811.313926
0.643000 812.331450
0.644000 815.583766
0.645000 815.419601
0.646000 817.641340
0.647000 815.493902
0.648000 815.223407
0.649000 816.014632
0.650000 815.045299
0.651000 809.816820
0.652000 807.615535
0.653000 806.555512
0.654000 803.114309
0.655000 802.094984
0.656000 801.069810
0.657000 801.433719
0.658000 795.544801
0.659000 797.407266
0.660000 792.746300
0.661000 788.843557
0.662000 790.475850
0.663000 788.259733
0.664000 791.543667
0.665000 790.077694
0.666000 789.881466
0.667000 790.225488
0.668000 791.371335
0.669000 791.751927
0.670000 792.599516
0.671000 794.486136
0.672000 794.395670
0.673000 790.884209
0.674000 793.971864
0.675000 796.806077
0.676000 801.478037
0.677000 803.729941
0.678000 801.666904
0.679000 801.953415
0.680000 795.546944
0.681000 792.397242
0.682000 793.603244
0.683000 795.734001
0.684000 795.355164
0.685000 799.560191
0.686000 798.364164
0.687000 796.528964
0.688000 793.843864
0.689000 795.939781
0.690000 796.724999
0.691000 798.012412
0.692000 795.718597
0.693000 796.997529
0.694000 791.149713
0.695000 793.837976
0.696000 788.813336
0.697000 786.722524
0.698000 782.010972
0.699000 774.085158
0.700000 776.157811
0.701000 774.364748
0.702000 772.950204
0.703000 772.912356
0.704000 775.675665
0.705000 778.825564
0.706000 776.399908
0.707000 774.543661
0.708000 778.811168
0.709000 778.922350
0.710000 785.035706
0.711000 781.969580
0.712000 777.866141
0.713000 778.212458
0.714000 781.404526
0.715000 784.094627
0.716000 782.419512
0.717000 779.853338
0.718000 778.405883
0.719000 778.208199
0.720000 778.303512
0.721000 780.884253
0.722000 777.095542
0.723000 782.088317
0.724000 784.079787
0.725000 784.592901
0.726000 785.362374
0.727000 785.566286
0.728000 786.225955
0.729000 786.468332
0.730000 791.219306
0.731000 792.705624
0.732000 794.882113
0.733000 793.397611
0.734000 794.888782
0.735000 793.010259
0.736000 792.757965
0.737000 788.260372
0.738000 788.341732
0.739000 789.377444
0.740000 794.359544
0.741000 795.290751
0.742000 791.454575
0.743000 788.660317
0.744000 782.561491
0.745000 778.756070
0.746000 776.107190
0.747000 775.370840
0.748000 772.911160
0.749000 777.011823
0.750000 775.944481
0.751000 785.369245
0.752000 789.750426
0.753000 787.749612
0.754000 791.013957
0.755000 790.987470
0.756000 793.270907
0.757000 791.057294
0.758000 786.192070
0.759000 784.086261
0.760000 787.899394
0.761000 789.218942
0.762000 786.240227
0.763000 789.273627
0.764000 791.717234
0.765000 788.154379
0.766000 788.324478
0.767000 785.981441
0.768000 788.612199
0.769000 789.734320
0.770000 790.862294
0.771000 790.271670
0.772000 789.792877
0.773000 787.350804
0.774000 784.958721
0.775000 783.688685
0.776000 783.086183
0.777000 784.063062
0.778000 781.511283
0.779000 783.021993
0.780000 778.929035
0.781000 776.822434
0.782000 781.061923
0.783000 781.368960
0.784000 782.549797
0.785000 780.622709
0.786000 779.924976
0.787000 780.614824
0.788000 786.054040
0.789000 782.536331
0.790000 779.359968
0.791000 779.587492
0.792000 781.142076
0.793000 781.855615
0.794000 784.246795
0.795000 787.780620
0.796000 787.062735
0.797000 787.431975
0.798000 784.257217
0.799000 783.397787
0.800000 782.088694
0.801000 781.861900
0.802000 780.706114
0.803000 780.950466
0.804000 775.709085
0.805000 772.267760
0.806000 773.191212
0.807000 773.061058
0.808000 775.290759
0.809000 781.525132
0.810000 782.940623
0.811000 784.000037
0.812000 786.305569
0.813000 788.422048
0.814000 789.174315
0.815000 789.117876
0.816000 786.800956
0.817000 783.762826
0.818000 783.963190
0.819000 784.805169
0.820000 786.306404
0.821000 791.289939
0.822000 792.422830
0.823000 790.153558
0.824000 789.673929
0.825000 789.320345
0.826000 785.806637
0.827000 783.609247
0.828000 784.659870
0.829000 784.341846
0.830000 781.535449
0.831000 777.892099
0.832000 777.905795
0.833000 780.868484
0.834000 780.809489
0.835000 779.129668
0.836000 778.092683
0.837000 779.582333
0.838000 781.747264
0.839000 784.189412
0.840000 781.440106
0.841000 779.689278
0.842000 776.755586
0.843000 779.832318
0.844000 776.670230
0.845000 777.424571
0.846000 775.005571
0.847000 773.480966
0.848000 772.094139
0.849000 773.022926
0.850000 775.632733
0.851000 778.845448
0.852000 779.472326
0.853000 782.313289
0.854000 789.443699
0.855000 796.015195
0.856000 801.106710
0.857000 805.758820
0.858000 808.328091
0.859000 809.742993
0.860000 809.055385
0.861000 807.419841
0.862000 802.303253
0.863000 804.969602
0.864000 805.109755
0.865000 805.857060
0.866000 805.583278
0.867000 805.377950
0.868000 809.919171
0.869000 809.947916
0.870000 809.818412
0.871000 810.703530
0.872000 807.878388
0.873000 803.675333
0.874000 800.789538
0.875000 800.814623
0.876000 797.761681
0.877000 801.287038
0.878000 803.563522
0.879000 805.853505
0.880000 810.811221
0.881000 806.750352
0.882000 809.043873
0.883000 808.828548
0.884000 810.853169
0.885000 809.698205
0.886000 807.798320
0.887000 807.349731
0.888000 801.261414
0.889000 800.331759
0.890000 794.684191
0.891000 790.177205
0.892000 791.380694
0.893000 786.797223
0.894000 788.198024
0.895000 788.257583
0.896000 782.664012
0.897000 780.793467
0.898000 780.455752
0.899000 780.581746
0.900000 778.796187
0.901000 776.389384
0.902000 773.084031
0.903000 771.797549
0.904000 772.019120
0.905000 769.567867
0.906000 768.904484
0.907000 772.792445
0.908000 774.528003
0.909000 775.439521
0.910000 774.552182
0.911000 774.331959
0.912000 774.069931
0.913000 775.014193
0.914000 779.766741
0.915000 779.090686
0.916000 778.338114
0.917000 772.973293
0.918000 776.889157
0.919000 774.374414
0.920000 773.918723
0.921000 769.224133
0.922000 772.021388
0.923000 768.040344
0.924000 770.698123
0.925000 769.721086
0.926000 774.765950
0.927000 772.358335
0.928000 772.917847
0.929000 773.627486
0.930000 774.326892
0.931000 770.463715
0.932000 768.500761
0.933000 768.161523
0.934000 769.569945
0.935000 769.540302
0.936000 767.601504
0.937000 773.800910
0.938000 776.011990
0.939000 779.591059
0.940000 778.838043
0.941000 781.119494
0.942000 776.049984
0.943000 778.242577
0.944000 774.857195
0.945000 769.441264
0.946000 770.538688
0.947000 768.257779
0.948000 772.906835
0.949000 771.586533
0.950000 774.069783
0.951000 771.292471
0.952000 765.571820
0.953000 761.987076
0.954000 762.141938
0.955000 760.766520
0.956000 763.728385
0.957000 765.569226
0.958000 768.262990
0.959000 770.128749
0.960000 768.557854
0.961000 771.502723
0.962000 772.444057
0.963000 774.596536
0.964000 778.399651
0.965000 784.126977
0.966000 786.098659
0.967000 789.219563
0.968000 789.889062
0.969000 789.954929
0.970000 786.117680
0.971000 784.094012
0.972000 782.800159
0.973000 782.610799
0.974000 782.238332
0.975000 779.083942
0.976000 774.539673
0.977000 780.442151
0.978000 778.587856
0.979000 780.661276
0.980000 778.085104
0.981000 779.180900
0.982000 780.111715
0.983000 781.608838
0.984000 782.405842
0.985000 789.926197
0.986000 793.069552
0.987000 796.918035
0.988000 795.134011
0.989000 794.378037
0.990000 791.792316
0.991000 795.487511
0.992000 794.925856
0.993000 794.892886
0.994000 794.744023
0.995000 792.836036
0.996000 790.169821
0.997000 792.009239
0.998000 793.107756
0.999000 792.721733
