0.000000 806.343930
0.001000 807.271207
0.002000 808.065344
0.003000 808.636653
0.004000 808.918539
0.005000 808.874756
0.006000 808.502318
0.007000 807.829106
0.008000 806.906708
0.009000 805.800063
0.010000 804.576798
0.011000 803.299649
0.012000 802.023627
0.013000 800.796846
0.014000 799.662495
0.015000 798.659659
0.016000 797.822147
0.017000 797.175836
0.018000 796.735850
0.019000 796.504252
0.020000 796.469221
0.021000 796.606170
0.022000 796.880816
0.023000 797.253972
0.024000 797.686581
0.025000 798.144044
0.026000 798.598505
0.027000 799.028271
0.028000 799.415008
0.029000 799.740412
0.030000 799.983980
0.031000 800.123400
0.032000 800.137758
0.033000 800.011573
0.034000 799.737439
0.035000 799.316337
0.036000 798.755465
0.037000 798.064765
0.038000 797.253965
0.039000 796.331298
0.040000 795.304667
0.041000 794.185245
0.042000 792.992302
0.043000 791.757062
0.044000 790.524256
0.045000 789.350230
0.046000 788.297431
0.047000 787.426744
0.048000 786.789436
0.049000 786.420712
0.050000 786.336282
0.051000 786.532842
0.052000 786.991935
0.053000 787.685519
0.054000 788.581393
0.055000 789.646832
0.056000 790.849915
0.057000 792.158833
0.058000 793.539930
0.059000 794.955422
0.060000 796.361985
0.061000 797.711029
0.062000 798.951278
0.063000 800.033183
0.064000 800.914195
0.065000 801.563838
0.066000 801.967104
0.067000 802.125893
0.068000 802.058425
0.069000 801.796919
0.070000 801.383682
0.071000 800.866178
0.072000 800.292374
0.073000 799.706846
0.074000 799.148249
0.075000 798.648612
0.076000 798.233747
0.077000 797.923722
0.078000 797.733131
0.079000 797.670545
0.080000 797.737756
0.081000 797.929718
0.082000 798.234962
0.083000 798.637091
0.084000 799.116917
0.085000 799.654097
0.086000 800.228284
0.087000 800.819507
0.088000 801.408193
0.089000 801.975859
0.090000 802.507150
0.091000 802.992995
0.092000 803.433655
0.093000 803.840090
0.094000 804.231950
0.095000 804.631909
0.096000 805.057853
0.097000 805.516036
0.098000 805.998299
0.099000 806.484510
0.100000 806.949047
0.101000 807.368649
0.102000 807.729194
0.103000 808.029891
0.104000 808.284280
0.105000 808.518682
0.106000 808.768731
0.107000 809.074223
0.108000 809.472709
0.109000 809.992441
0.110000 810.645928
0.111000 811.425890
0.112000 812.305084
0.113000 813.240506
0.114000 814.180774
0.115000 815.074193
0.116000 815.875043
0.117000 816.546956
0.118000 817.063606
0.119000 817.407616
0.120000 817.568723
0.121000 817.542269
0.122000 817.328609
0.123000 816.933074
0.124000 816.366127
0.125000 815.643054
0.126000 814.782812
0.127000 813.805750
0.128000 812.730798
0.129000 811.573420
0.130000 810.345228
0.131000 809.055321
0.132000 807.712092
0.133000 806.323722
0.134000 804.896095
0.135000 803.429329
0.136000 801.915730
0.137000 800.341582
0.138000 798.692639
0.139000 796.960855
0.140000 795.149874
0.141000 793.277305
0.142000 791.373459
0.143000 789.477325
0.144000 787.630721
0.145000 785.871737
0.146000 784.228998
0.147000 782.718597
0.148000 781.344290
0.149000 780.100610
0.150000 778.977838
0.151000 777.966755
0.152000 777.061989
0.153000 776.263911
0.154000 775.579001
0.155000 775.019012
0.156000 774.599198
0.157000 774.335513
0.158000 774.241218
0.159000 774.324001
0.160000 774.584671
0.161000 775.017717
0.162000 775.613694
0.163000 776.362105
0.164000 777.253118
0.165000 778.277146
0.166000 779.422082
0.167000 780.669796
0.168000 781.993775
0.169000 783.359677
0.170000 784.729065
0.171000 786.064718
0.172000 787.335713
0.173000 788.520722
0.174000 789.608887
0.175000 790.599188
0.176000 791.499161
0.177000 792.323845
0.178000 793.095544
0.179000 793.844208
0.180000 794.607687
0.181000 795.431083
0.182000 796.364601
0.183000 797.459427
0.184000 798.761627
0.185000 800.304888
0.186000 802.103385
0.187000 804.146539
0.188000 806.397557
0.189000 808.796813
0.190000 811.269520
0.191000 813.735932
0.192000 816.122064
0.193000 818.368450
0.194000 820.435799
0.195000 822.307228
0.196000 823.987262
0.197000 825.497997
0.198000 826.872816
0.199000 828.148193
0.200000 829.354381
0.201000 830.506409
0.202000 831.597035
0.203000 832.593174
0.204000 833.436975
0.205000 834.051465
0.206000 834.349443
0.207000 834.243845
0.208000 833.657062
0.209000 832.528291
0.210000 830.818680
0.211000 828.514669
0.212000 825.630390
0.213000 822.209058
0.214000 818.323219
0.215000 814.073054
0.216000 809.581813
0.217000 804.988158
0.218000 800.435962
0.219000 796.062402
0.220000 791.986094
0.221000 788.297388
0.222000 785.052199
0.223000 782.270603
0.224000 779.940364
0.225000 778.024084
0.226000 776.468476
0.227000 775.213697
0.228000 774.201157
0.229000 773.379109
0.230000 772.706145
0.231000 772.153530
0.232000 771.707323
0.233000 771.369909
0.234000 771.159960
0.235000 771.109832
0.236000 771.260019
0.237000 771.652006
0.238000 772.321164
0.239000 773.291300
0.240000 774.571475
0.241000 776.154675
0.242000 778.017925
0.243000 780.123301
0.244000 782.419701
0.245000 784.846066
0.246000 787.335912
0.247000 789.823092
0.248000 792.247860
0.249000 794.562264
0.250000 796.733960
0.251000 798.747843
0.252000 800.606342
0.253000 802.328556
0.254000 803.948819
0.255000 805.514254
0.256000 807.080620
0.257000 808.706233
0.258000 810.443587
0.259000 812.329922
0.260000 814.378597
0.261000 816.573477
0.262000 818.868225
0.263000 821.190590
0.264000 823.450863
0.265000 825.552751
0.266000 827.404625
0.267000 828.929395
0.268000 830.071318
0.269000 830.798728
0.270000 831.102735
0.271000 830.992732
0.272000 830.490829
0.273000 829.627055
0.274000 828.436266
0.275000 826.956588
0.276000 825.227813
0.277000 823.289864
0.278000 821.182353
0.279000 818.945519
0.280000 816.621490
0.281000 814.254695
0.282000 811.890533
0.283000 809.573041
0.284000 807.343392
0.285000 805.240125
0.286000 803.300503
0.287000 801.560354
0.288000 800.049174
0.289000 798.779760
0.290000 797.737600
0.291000 796.878447
0.292000 796.137533
0.293000 795.446152
0.294000 794.746752
0.295000 794.000324
0.296000 793.185928
0.297000 792.295767
0.298000 791.329269
0.299000 790.288615
0.300000 789.176798
0.301000 787.998398
0.302000 786.762332
0.303000 785.485216
0.304000 784.194053
0.305000 782.926908
0.306000 781.730937
0.307000 780.658115
0.308000 779.759463
0.309000 779.079486
0.310000 778.652125
0.311000 778.498557
0.312000 778.627167
0.313000 779.034546
0.314000 779.706810
0.315000 780.621139
0.316000 781.747162
0.317000 783.048425
0.318000 784.484106
0.319000 786.011252
0.320000 787.587133
0.321000 789.171181
0.322000 790.726182
0.323000 792.218649
0.324000 793.619124
0.325000 794.902724
0.326000 796.049831
0.327000 797.047141
0.328000 797.888209
0.329000 798.573056
0.330000 799.107362
0.331000 799.500892
0.332000 799.765505
0.333000 799.913312
0.334000 799.955272
0.335000 799.900291
0.336000 799.755241
0.337000 799.526013
0.338000 799.219121
0.339000 798.843413
0.340000 798.411619
0.341000 797.941603
0.342000 797.457080
0.343000 796.987934
0.344000 796.570116
0.345000 796.244564
0.346000 796.055037
0.347000 796.044950
0.348000 796.252757
0.349000 796.705771
0.350000 797.413207
0.351000 798.359927
0.352000 799.503772
0.353000 800.778756
0.354000 802.104376
0.355000 803.398480
0.356000 804.589488
0.357000 805.625033
0.358000 806.475979
0.359000 807.136703
0.360000 807.622557
0.361000 807.965021
0.362000 808.205012
0.363000 808.385064
0.364000 808.540997
0.365000 808.694438
0.366000 808.848545
0.367000 808.988512
0.368000 809.086759
0.369000 809.111879
0.370000 809.038426
0.371000 808.854175
0.372000 808.562781
0.373000 808.181859
0.374000 807.738355
0.375000 807.264088
0.376000 806.793329
0.377000 806.361492
0.378000 806.003024
0.379000 805.746700
0.380000 805.609315
0.381000 805.590791
0.382000 805.673443
0.383000 805.826063
0.384000 806.011134
0.385000 806.192704
0.386000 806.342951
0.387000 806.446531
0.388000 806.502462
0.389000 806.523878
0.390000 806.535229
0.391000 806.566633
0.392000 806.646623
0.393000 806.794779
0.394000 807.016990
0.395000 807.305571
0.396000 807.643518
0.397000 808.010701
0.398000 808.389074
0.399000 808.765176
0.400000 809.129876
0.401000 809.476433
0.402000 809.797760
0.403000 810.082895
0.404000 810.313379
0.405000 810.460521
0.406000 810.485021
0.407000 810.340354
0.408000 809.979890
0.409000 809.365926
0.410000 808.477799
0.411000 807.316192
0.412000 805.901965
0.413000 804.270053
0.414000 802.461163
0.415000 800.514816
0.416000 798.465737
0.417000 796.343558
0.418000 794.174742
0.419000 791.985323
0.420000 789.803441
0.421000 787.661651
0.422000 785.598089
0.423000 783.655783
0.424000 781.879831
0.425000 780.312319
0.426000 778.986359
0.427000 777.921362
0.428000 777.120965
0.429000 776.574217
0.430000 776.259308
0.431000 776.148211
0.432000 776.211125
0.433000 776.419816
0.434000 776.750080
0.435000 777.183948
0.436000 777.711697
0.437000 778.333490
0.438000 779.059928
0.439000 779.910455
0.440000 780.909348
0.441000 782.079493
0.442000 783.435386
0.443000 784.977195
0.444000 786.687751
0.445000 788.533536
0.446000 790.469431
0.447000 792.445951
0.448000 794.416294
0.449000 796.341333
0.450000 798.191517
0.451000 799.945579
0.452000 801.587544
0.453000 803.104006
0.454000 804.482701
0.455000 805.712574
0.456000 806.784678
0.457000 807.692723
0.458000 808.432944
0.459000 809.003593
0.460000 809.404641
0.461000 809.637896
0.462000 809.707805
0.463000 809.622576
0.464000 809.395018
0.465000 809.043349
0.466000 808.592312
0.467000 808.074234
0.468000 807.529174
0.469000 807.003332
0.470000 806.544877
0.471000 806.197646
0.472000 805.994656
0.473000 805.953947
0.474000 806.078566
0.475000 806.360270
0.476000 806.784798
0.477000 807.336292
0.478000 807.999663
0.479000 808.760862
0.480000 809.605608
0.481000 810.518053
0.482000 811.479949
0.483000 812.470227
0.484000 813.464675
0.485000 814.435344
0.486000 815.349911
0.487000 816.171665
0.488000 816.860884
0.489000 817.377688
0.490000 817.685812
0.491000 817.757044
0.492000 817.575414
0.493000 817.140162
0.494000 816.467470
0.495000 815.590210
0.496000 814.555658
0.497000 813.420471
0.498000 812.242854
0.499000 811.073159
0.500000 809.944823
0.501000 808.869001
0.502000 807.835285
0.503000 806.818342
0.504000 805.787427
0.505000 804.715559
0.506000 803.586003
0.507000 802.395983
0.508000 801.158445
0.509000 799.901852
0.510000 798.667367
0.511000 797.502524
0.512000 796.451654
0.513000 795.545118
0.514000 794.790762
0.515000 794.170872
0.516000 793.645578
0.517000 793.160933
0.518000 792.658468
0.519000 792.083625
0.520000 791.392068
0.521000 790.553872
0.522000 789.556248
0.523000 788.405171
0.524000 787.125872
0.525000 785.761525
0.526000 784.369517
0.527000 783.014796
0.528000 781.761164
0.529000 780.662048
0.530000 779.752379
0.531000 779.044207
0.532000 778.526853
0.533000 778.171343
0.534000 777.937766
0.535000 777.783461
0.536000 777.670508
0.537000 777.571259
0.538000 777.471701
0.539000 777.372550
0.540000 777.288015
0.541000 777.242838
0.542000 777.268329
0.543000 777.398419
0.544000 777.666898
0.545000 778.106260
0.546000 778.747600
0.547000 779.620240
0.548000 780.749275
0.549000 782.150628
0.550000 783.825402
0.551000 785.756257
0.552000 787.908471
0.553000 790.235630
0.554000 792.687448
0.555000 795.216748
0.556000 797.783725
0.557000 800.357455
0.558000 802.915218
0.559000 805.441119
0.560000 807.924841
0.561000 810.360678
0.562000 812.746851
0.563000 815.084223
0.564000 817.373941
0.565000 819.613873
0.566000 821.794661
0.567000 823.896539
0.568000 825.888631
0.569000 827.731416
0.570000 829.381609
0.571000 830.797988
0.572000 831.946019
0.573000 832.799931
0.574000 833.342141
0.575000 833.561629
0.576000 833.452895
0.577000 833.016232
0.578000 832.259224
0.579000 831.198509
0.580000 829.860894
0.581000 828.282693
0.582000 826.506825
0.583000 824.577850
0.584000 822.535517
0.585000 820.408587
0.586000 818.211005
0.587000 815.941861
0.588000 813.589628
0.589000 811.139452
0.590000 808.581176
0.591000 805.915993
0.592000 803.160218
0.593000 800.345742
0.594000 797.517371
0.595000 794.727986
0.596000 792.032934
0.597000 789.484894
0.598000 787.130263
0.599000 785.007317
0.600000 783.145823
0.601000 781.567520
0.602000 780.286698
0.603000 779.310668
0.604000 778.640030
0.605000 778.268513
0.606000 778.181975
0.607000 778.356829
0.608000 778.758691
0.609000 779.342310
0.610000 780.053696
0.611000 780.835059
0.612000 781.631964
0.613000 782.400961
0.614000 783.115920
0.615000 783.771214
0.616000 784.380654
0.617000 784.972532
0.618000 785.582189
0.619000 786.244280
0.620000 786.987126
0.621000 787.830123
0.622000 788.783850
0.623000 789.851832
0.624000 791.032393
0.625000 792.319553
0.626000 793.702700
0.627000 795.165203
0.628000 796.683175
0.629000 798.225323
0.630000 799.754302
0.631000 801.229187
0.632000 802.608739
0.633000 803.854689
0.634000 804.934357
0.635000 805.822610
0.636000 806.503245
0.637000 806.969543
0.638000 807.224257
0.639000 807.279398
0.640000 807.155723
0.641000 806.882067
0.642000 806.494074
0.643000 806.032125
0.644000 805.538243
0.645000 805.051882
0.646000 804.605154
0.647000 804.218318
0.648000 803.897088
0.649000 803.632748
0.650000 803.405573
0.651000 803.190858
0.652000 802.965306
0.653000 802.712147
0.654000 802.423659
0.655000 802.101006
0.656000 801.752621
0.657000 801.391863
0.658000 801.034724
0.659000 800.697884
0.660000 800.397099
0.661000 800.145998
0.662000 799.955602
0.663000 799.835047
0.664000 799.792641
0.665000 799.836444
0.666000 799.973574
0.667000 800.208008
0.668000 800.537707
0.669000 800.951719
0.670000 801.428384
0.671000 801.935356
0.672000 802.431287
0.673000 802.869245
0.674000 803.201121
0.675000 803.382211
0.676000 803.375415
0.677000 803.154608
0.678000 802.706899
0.679000 802.033323
0.680000 801.148085
0.681000 800.076773
0.682000 798.854000
0.683000 797.521462
0.684000 796.126663
0.685000 794.721837
0.686000 793.361764
0.687000 792.099067
0.688000 790.977397
0.689000 790.025074
0.690000 789.252276
0.691000 788.653125
0.692000 788.212070
0.693000 787.911197
0.694000 787.735007
0.695000 787.671367
0.696000 787.709815
0.697000 787.839533
0.698000 788.048988
0.699000 788.328170
0.700000 788.672236
0.701000 789.085047
0.702000 789.580696
0.703000 790.182223
0.704000 790.917436
0.705000 791.812828
0.706000 792.887631
0.707000 794.149393
0.708000 795.592287
0.709000 797.197688
0.710000 798.935699
0.711000 800.766510
0.712000 802.640953
0.713000 804.500843
0.714000 806.280391
0.715000 807.909641
0.716000 809.320192
0.717000 810.452553
0.718000 811.263624
0.719000 811.732575
0.720000 811.863515
0.721000 811.684081
0.722000 811.240499
0.723000 810.590293
0.724000 809.794702
0.725000 808.913014
0.726000 807.999521
0.727000 807.103048
0.728000 806.267646
0.729000 805.532959
0.730000 804.933756
0.731000 804.498546
0.732000 804.247544
0.733000 804.190235
0.734000 804.322772
0.735000 804.626327
0.736000 805.067531
0.737000 805.601739
0.738000 806.178751
0.739000 806.749400
0.740000 807.270723
0.741000 807.707773
0.742000 808.032587
0.743000 808.221803
0.744000 808.254679
0.745000 808.112447
0.746000 807.778743
0.747000 807.240599
0.748000 806.489561
0.749000 805.522549
0.750000 804.342968
0.751000 802.962105
0.752000 801.400153
0.753000 799.686884
0.754000 797.862173
0.755000 795.975987
0.756000 794.087612
0.757000 792.263607
0.758000 790.574198
0.759000 789.088405
0.760000 787.868375
0.761000 786.964197
0.762000 786.410265
0.763000 786.223812
0.764000 786.406078
0.765000 786.945771
0.766000 787.823565
0.767000 789.015922
0.768000 790.496752
0.769000 792.235814
0.770000 794.193999
0.771000 796.317521
0.772000 798.534648
0.773000 800.757991
0.774000 802.892705
0.775000 804.848513
0.776000 806.552034
0.777000 807.955387
0.778000 809.039324
0.779000 809.811577
0.780000 810.301272
0.781000 810.551261
0.782000 810.609912
0.783000 810.523789
0.784000 810.332203
0.785000 810.063814
0.786000 809.735150
0.787000 809.350456
0.788000 808.902276
0.789000 808.372551
0.790000 807.735044
0.791000 806.959232
0.792000 806.015352
0.793000 804.880066
0.794000 803.541637
0.795000 802.003621
0.796000 800.286923
0.797000 798.430583
0.798000 796.491161
0.799000 794.540765
0.800000 792.663163
0.801000 790.947566
0.802000 789.480280
0.803000 788.335077
0.804000 787.564384
0.805000 787.193599
0.806000 787.220539
0.807000 787.620133
0.808000 788.352963
0.809000 789.375288
0.810000 790.647267
0.811000 792.137103
0.812000 793.820178
0.813000 795.674040
0.814000 797.672095
0.815000 799.779025
0.816000 801.949745
0.817000 804.131606
0.818000 806.268328
0.819000 808.304105
0.820000 810.186734
0.821000 811.869957
0.822000 813.315496
0.823000 814.494935
0.824000 815.391216
0.825000 815.999203
0.826000 816.325156
0.827000 816.384901
0.828000 816.201229
0.829000 815.801094
0.830000 815.213165
0.831000 814.466736
0.832000 813.592828
0.833000 812.627875
0.834000 811.619013
0.835000 810.627911
0.836000 809.727987
0.837000 808.990333
0.838000 808.459834
0.839000 808.132634
0.840000 807.949090
0.841000 807.807999
0.842000 807.593764
0.843000 807.201836
0.844000 806.554276
0.845000 805.605185
0.846000 804.340090
0.847000 802.772978
0.848000 800.942466
0.849000 798.906729
0.850000 796.736179
0.851000 794.504326
0.852000 792.278171
0.853000 790.110349
0.854000 788.035261
0.855000 786.069814
0.856000 784.217652
0.857000 782.474990
0.858000 780.836399
0.859000 779.299213
0.860000 777.866369
0.861000 776.547927
0.862000 775.361211
0.863000 774.330069
0.864000 773.483449
0.865000 772.852882
0.866000 772.469031
0.867000 772.357765
0.868000 772.536037
0.869000 773.008491
0.870000 773.766144
0.871000 774.788018
0.872000 776.045899
0.873000 777.511312
0.874000 779.162464
0.875000 780.988374
0.876000 782.988108
0.877000 785.165052
0.878000 787.518727
0.879000 790.036802
0.880000 792.688916
0.881000 795.423878
0.882000 798.171632
0.883000 800.850304
0.884000 803.376595
0.885000 805.676344
0.886000 807.691804
0.887000 809.384190
0.888000 810.732413
0.889000 811.729567
0.890000 812.379202
0.891000 812.692783
0.892000 812.689091
0.893000 812.395338
0.894000 811.848592
0.895000 811.096230
0.896000 810.194214
0.897000 809.203086
0.898000 808.183117
0.899000 807.189937
0.900000 806.271613
0.901000 805.467265
0.902000 804.805867
0.903000 804.304878
0.904000 803.968936
0.905000 803.789307
0.906000 803.745465
0.907000 803.808987
0.908000 803.949398
0.909000 804.140482
0.910000 804.365413
0.911000 804.619691
0.912000 804.910866
0.913000 805.255210
0.914000 805.672451
0.915000 806.179907
0.916000 806.786924
0.917000 807.490687
0.918000 808.273211
0.919000 809.099810
0.920000 809.919632
0.921000 810.668519
0.922000 811.275041
0.923000 811.668919
0.924000 811.790356
0.925000 811.598262
0.926000 811.075277
0.927000 810.228361
0.928000 809.085163
0.929000 807.687884
0.930000 806.087169
0.931000 804.338469
0.932000 802.501733
0.933000 800.642727
0.934000 798.833607
0.935000 797.150376
0.936000 795.666160
0.937000 794.442136
0.938000 793.518436
0.939000 792.907570
0.940000 792.592022
0.941000 792.526654
0.942000 792.645136
0.943000 792.868714
0.944000 793.116063
0.945000 793.312750
0.946000 793.398685
0.947000 793.332325
0.948000 793.091069
0.949000 792.668534
0.950000 792.070233
0.951000 791.309616
0.952000 790.405638
0.953000 789.381774
0.954000 788.266045
0.955000 787.091831
0.956000 785.898911
0.957000 784.734293
0.958000 783.651877
0.959000 782.709322
0.960000 781.962106
0.961000 781.456333
0.962000 781.223143
0.963000 781.277187
0.964000 781.619587
0.965000 782.243832
0.966000 783.141609
0.967000 784.305983
0.968000 785.731346
0.969000 787.411114
0.970000 789.334620
0.971000 791.484518
0.972000 793.835825
0.973000 796.356750
0.974000 799.010746
0.975000 801.759241
0.976000 804.564512
0.977000 807.391933
0.978000 810.210933
0.979000 812.994104
0.980000 815.714764
0.981000 818.343963
0.982000 820.848676
0.983000 823.192935
0.984000 825.341600
0.985000 827.264650
0.986000 828.939778
0.987000 830.352415
0.988000 831.493986
0.989000 832.360125
0.990000 832.949627
0.991000 833.264167
0.992000 833.307992
0.993000 833.086808
0.994000 832.606367
0.995000 831.871256
0.996000 830.884678
0.997000 829.649582
0.998000 828.171056
0.999000 826.459559
