0.000000 806.343930
0.001000 807.279249
0.002000 807.819870
0.003000 808.551780
0.004000 808.104977
0.005000 808.016311
0.006000 804.030175
0.007000 803.936941
0.008000 802.867588
0.009000 797.816084
0.010000 795.564788
0.011000 796.618569
0.012000 795.571251
0.013000 794.399878
0.014000 794.364393
0.015000 795.438260
0.016000 794.464804
0.017000 793.496366
0.018000 793.339430
0.019000 794.252523
0.020000 790.665628
0.021000 791.104956
0.022000 792.170163
0.023000 793.557953
0.024000 795.146298
0.025000 794.486970
0.026000 796.134263
0.027000 796.705829
0.028000 795.340246
0.029000 796.019828
0.030000 795.425161
0.031000 795.524245
0.032000 796.006547
0.033000 795.298020
0.034000 795.381539
0.035000 793.857609
0.036000 792.520916
0.037000 791.853147
0.038000 792.011218
0.039000 793.174516
0.040000 789.812894
0.041000 792.251313
0.042000 792.907096
0.043000 792.254460
0.044000 790.722728
0.045000 790.601378
0.046000 790.326095
0.047000 790.200417
0.048000 788.874065
0.049000 788.380050
0.050000 785.883248
0.051000 786.871170
0.052000 787.858553
0.053000 789.443071
0.054000 789.040502
0.055000 789.755168
0.056000 790.407304
0.057000 787.116159
0.058000 788.470123
0.059000 788.028828
0.060000 787.184631
0.061000 788.415806
0.062000 787.228949
0.063000 786.639643
0.064000 789.181811
0.065000 789.212310
0.066000 786.784462
0.067000 786.356486
0.068000 786.756181
0.069000 785.092268
0.070000 781.143203
0.071000 779.568828
0.072000 777.295983
0.073000 776.080557
0.074000 774.644125
0.075000 776.084926
0.076000 775.730159
0.077000 777.447775
0.078000 779.544740
0.079000 779.746245
0.080000 781.503850
0.081000 781.156445
0.082000 782.368244
0.083000 781.527489
0.084000 780.784174
0.085000 782.926955
0.086000 786.270397
0.087000 787.078924
0.088000 788.231387
0.089000 789.616432
0.090000 789.987320
0.091000 788.953219
0.092000 788.371748
0.093000 791.181624
0.094000 791.745404
0.095000 791.915968
0.096000 792.614097
0.097000 791.057413
0.098000 791.845485
0.099000 792.239328
0.100000 791.101228
0.101000 791.388678
0.102000 792.246936
0.103000 793.159256
0.104000 794.776652
0.105000 793.822529
0.106000 794.706359
0.107000 793.089557
0.108000 794.544517
0.109000 794.927873
0.110000 795.351006
0.111000 796.209686
0.112000 794.986075
0.113000 796.363131
0.114000 796.132702
0.115000 795.471305
0.116000 795.210211
0.117000 794.376807
0.118000 793.179153
0.119000 792.568243
0.120000 792.436753
0.121000 790.588905
0.122000 791.475178
0.123000 790.953700
0.124000 790.153977
0.125000 789.637017
0.126000 788.396977
0.127000 788.699305
0.128000 788.829745
0.129000 788.450357
0.130000 788.119654
0.131000 788.714423
0.132000 789.192803
0.133000 786.536515
0.134000 787.481751
0.135000 786.819459
0.136000 784.631501
0.137000 782.507101
0.138000 779.383290
0.139000 779.338558
0.140000 777.333681
0.141000 774.483624
0.142000 771.460612
0.143000 770.882331
0.144000 770.988602
0.145000 770.914901
0.146000 774.422958
0.147000 776.018590
0.148000 774.823417
0.149000 775.747629
0.150000 775.148470
0.151000 775.834430
0.152000 775.031602
0.153000 773.728946
0.154000 775.026465
0.155000 776.414781
0.156000 777.045011
0.157000 776.522269
0.158000 777.353188
0.159000 780.106548
0.160000 782.226478
0.161000 781.944800
0.162000 783.321907
0.163000 785.500815
0.164000 786.101296
0.165000 787.080053
0.166000 789.614388
0.167000 789.643771
0.168000 789.937940
0.169000 791.863102
0.170000 792.437854
0.171000 792.431320
0.172000 794.729608
0.173000 793.507838
0.174000 794.317949
0.175000 791.920232
0.176000 791.471687
0.177000 790.530960
0.178000 789.784433
0.179000 788.272522
0.180000 786.980299
0.181000 786.924130
0.182000 785.279977
0.183000 784.598725
0.184000 782.997503
0.185000 781.575678
0.186000 781.399917
0.187000 779.920629
0.188000 779.359530
0.189000 778.809034
0.190000 778.728588
0.191000 776.385468
0.192000 776.365885
0.193000 776.421748
0.194000 777.407640
0.195000 778.792248
0.196000 779.082389
0.197000 779.505831
0.198000 780.856540
0.199000 781.892166
0.200000 780.214831
0.201000 779.947685
0.202000 778.819999
0.203000 779.531733
0.204000 778.410967
0.205000 775.978433
0.206000 776.938863
0.207000 778.441696
0.208000 776.410441
0.209000 777.669069
0.210000 775.532489
0.211000 779.521556
0.212000 780.289033
0.213000 780.958684
0.214000 781.929482
0.215000 782.922792
0.216000 784.653336
0.217000 783.359285
0.218000 782.718364
0.219000 782.579858
0.220000 783.211515
0.221000 782.349106
0.222000 782.560298
0.223000 782.554489
0.224000 781.305712
0.225000 782.291708
0.226000 784.723599
0.227000 785.325152
0.228000 786.266446
0.229000 785.620350
0.230000 785.676082
0.231000 785.944995
0.232000 787.278820
0.233000 790.009624
0.234000 791.705677
0.235000 792.095683
0.236000 792.081974
0.237000 792.274696
0.238000 794.144557
0.239000 794.006826
0.240000 793.824341
0.241000 795.443374
0.242000 796.050465
0.243000 794.931152
0.244000 794.398779
0.245000 793.189645
0.246000 791.509418
0.247000 791.388198
0.248000 789.929611
0.249000 787.902241
0.250000 786.416724
0.251000 784.716598
0.252000 782.548963
0.253000 781.889808
0.254000 781.732495
0.255000 779.727872
0.256000 779.363923
0.257000 781.719615
0.258000 783.953898
0.259000 782.637093
0.260000 783.250210
0.261000 784.487958
0.262000 786.185936
0.263000 788.056357
0.264000 790.554977
0.265000 789.994137
0.266000 788.821362
0.267000 790.292002
0.268000 790.136656
0.269000 792.094202
0.270000 791.955567
0.271000 791.699114
0.272000 791.744016
0.273000 793.384865
0.274000 795.009571
0.275000 794.979814
0.276000 796.699118
0.277000 799.136026
0.278000 800.179460
0.279000 800.807004
0.280000 802.227758
0.281000 802.067442
0.282000 801.562038
0.283000 799.682724
0.284000 799.559314
0.285000 799.353390
0.286000 798.809973
0.287000 797.955952
0.288000 797.435659
0.289000 795.247838
0.290000 794.034665
0.291000 794.845870
0.292000 796.558229
0.293000 797.566224
0.294000 798.694061
0.295000 798.348792
0.296000 798.567502
0.297000 800.023502
0.298000 801.330068
0.299000 804.513542
0.300000 805.790914
0.301000 805.789775
0.302000 809.335727
0.303000 811.028650
0.304000 809.100584
0.305000 809.892861
0.306000 811.077332
0.307000 812.109792
0.308000 812.583331
0.309000 811.971950
0.310000 812.557032
0.311000 811.362845
0.312000 811.198127
0.313000 811.990116
0.314000 811.874464
0.315000 810.023924
0.316000 808.120482
0.317000 807.724706
0.318000 806.849312
0.319000 806.449294
0.320000 806.637523
0.321000 803.325468
0.322000 802.696962
0.323000 803.847426
0.324000 802.012580
0.325000 800.764478
0.326000 801.102021
0.327000 801.062830
0.328000 801.292279
0.329000 800.790577
0.330000 801.369666
0.331000 803.108747
0.332000 802.784984
0.333000 803.020621
0.334000 804.044454
0.335000 803.767157
0.336000 804.887577
0.337000 804.762451
0.338000 803.765795
0.339000 804.043085
0.340000 801.231273
0.341000 798.415463
0.342000 798.791759
0.343000 799.670741
0.344000 797.962846
0.345000 795.775302
0.346000 793.893903
0.347000 790.945119
0.348000 789.870696
0.349000 786.810528
0.350000 786.618158
0.351000 784.927357
0.352000 783.171118
0.353000 780.830383
0.354000 777.009131
0.355000 775.194174
0.356000 774.973564
0.357000 772.671939
0.358000 772.458788
0.359000 773.079530
0.360000 773.612057
0.361000 775.325936
0.362000 778.269308
0.363000 780.065217
0.364000 780.756022
0.365000 780.770347
0.366000 782.557545
0.367000 786.479501
0.368000 788.435081
0.369000 791.390472
0.370000 791.535258
0.371000 792.988311
0.372000 794.785507
0.373000 797.141775
0.374000 798.667286
0.375000 799.135071
0.376000 800.145440
0.377000 799.486726
0.378000 800.220748
0.379000 797.930569
0.380000 797.227186
0.381000 794.761368
0.382000 792.969951
0.383000 791.143941
0.384000 793.358174
0.385000 792.681844
0.386000 791.522631
0.387000 791.718341
0.388000 790.611037
0.389000 789.795710
0.390000 789.764050
0.391000 787.815825
0.392000 787.869386
0.393000 786.975377
0.394000 784.754589
0.395000 786.336537
0.396000 785.011204
0.397000 787.689423
0.398000 786.579911
0.399000 784.681143
0.400000 784.156475
0.401000 782.838750
0.402000 783.866605
0.403000 784.265292
0.404000 786.059371
0.405000 785.361569
0.406000 787.136803
0.407000 786.113874
0.408000 786.252357
0.409000 786.632062
0.410000 786.032831
0.411000 787.207971
0.412000 786.166107
0.413000 784.851138
0.414000 784.718440
0.415000 784.732278
0.416000 782.501622
0.417000 780.325123
0.418000 776.954377
0.419000 776.649536
0.420000 778.085922
0.421000 779.126447
0.422000 780.313909
0.423000 780.482979
0.424000 783.659589
0.425000 784.937644
0.426000 785.956564
0.427000 786.399266
0.428000 787.749121
0.429000 788.576692
0.430000 788.829298
0.431000 788.703817
0.432000 789.038719
0.433000 789.460733
0.434000 788.963485
0.435000 787.762474
0.436000 786.445311
0.437000 786.829117
0.438000 787.140176
0.439000 788.728548
0.440000 790.800363
0.441000 791.129328
0.442000 789.083165
0.443000 788.931909
0.444000 789.435761
0.445000 790.548255
0.446000 791.680174
0.447000 791.845228
0.448000 792.836731
0.449000 792.863393
0.450000 792.728961
0.451000 794.722803
0.452000 796.275543
0.453000 796.914507
0.454000 799.058669
0.455000 801.851618
0.456000 803.333939
0.457000 803.600788
0.458000 804.624126
0.459000 805.465004
0.460000 805.164854
0.461000 805.033803
0.462000 805.505868
0.463000 805.830701
0.464000 805.741238
0.465000 809.072041
0.466000 806.169675
0.467000 808.726651
0.468000 810.804569
0.469000 811.379349
0.470000 812.630718
0.471000 811.062538
0.472000 810.344578
0.473000 809.853599
0.474000 809.699857
0.475000 810.515692
0.476000 810.070215
0.477000 809.484464
0.478000 809.609054
0.479000 809.925952
0.480000 808.719005
0.481000 808.547117
0.482000 809.780170
0.483000 808.987752
0.484000 807.089722
0.485000 811.529615
0.486000 812.267105
0.487000 812.568026
0.488000 812.382410
0.489000 813.282744
0.490000 813.486786
0.491000 813.602327
0.492000 815.227547
0.493000 816.587609
0.494000 815.172757
0.495000 814.944204
0.496000 815.509412
0.497000 814.579946
0.498000 811.995282
0.499000 811.073521
0.500000 808.889407
0.501000 806.613608
0.502000 805.324198
0.503000 803.603478
0.504000 802.061050
0.505000 801.219713
0.506000 799.551613
0.507000 798.731406
0.508000 798.637980
0.509000 798.414482
0.510000 799.133257
0.511000 798.213591
0.512000 796.428806
0.513000 796.129141
0.514000 796.410809
0.515000 795.804309
0.516000 794.963079
0.517000 795.389123
0.518000 797.553826
0.519000 796.864948
0.520000 796.615071
0.521000 797.635566
0.522000 800.925905
0.523000 799.625765
0.524000 799.050022
0.525000 798.902429
0.526000 797.358420
0.527000 796.574410
0.528000 797.576155
0.529000 796.169362
0.530000 795.952223
0.531000 795.891943
0.532000 796.814034
0.533000 796.418278
0.534000 792.890253
0.535000 792.575435
0.536000 790.160336
0.537000 790.129497
0.538000 789.810369
0.539000 789.115808
0.540000 789.333512
0.541000 789.929202
0.542000 791.514657
0.543000 791.681215
0.544000 790.576858
0.545000 792.604727
0.546000 794.428673
0.547000 794.173093
0.548000 796.168162
0.549000 797.532918
0.550000 798.022449
0.551000 796.907027
0.552000 796.948185
0.553000 797.604328
0.554000 799.674191
0.555000 799.493671
0.556000 799.969024
0.557000 799.645776
0.558000 799.788648
0.559000 799.694180
0.560000 798.715726
0.561000 798.946777
0.562000 798.148327
0.563000 799.269075
0.564000 799.622888
0.565000 800.156676
0.566000 799.613365
0.567000 799.579642
0.568000 800.294510
0.569000 799.456066
0.570000 799.945513
0.571000 800.222855
0.572000 800.217962
0.573000 799.189557
0.574000 799.904697
0.575000 800.002947
0.576000 799.195197
0.577000 798.261405
0.578000 798.770220
0.579000 798.752213
0.580000 798.327713
0.581000 796.937828
0.582000 794.313150
0.583000 793.599901
0.584000 793.083536
0.585000 792.436561
0.586000 792.328601
0.587000 791.881480
0.588000 790.115694
0.589000 787.727235
0.590000 789.589970
0.591000 790.962670
0.592000 792.265021
0.593000 793.514926
0.594000 795.257642
0.595000 797.681399
0.596000 798.757811
0.597000 801.679719
0.598000 803.284401
0.599000 803.532040
0.600000 803.079372
0.601000 805.204477
0.602000 804.642541
0.603000 804.497248
0.604000 806.029193
0.605000 806.521807
0.606000 806.108731
0.607000 805.724798
0.608000 808.468052
0.609000 804.579358
0.610000 804.700665
0.611000 803.593728
0.612000 801.267334
0.613000 800.077443
0.614000 797.892837
0.615000 795.209379
0.616000 793.419729
0.617000 792.031369
0.618000 788.177459
0.619000 782.805687
0.620000 781.860620
0.621000 780.454258
0.622000 780.270567
0.623000 779.097250
0.624000 778.294930
0.625000 776.137841
0.626000 774.229303
0.627000 774.086809
0.628000 774.120560
0.629000 774.562412
0.630000 774.495105
0.631000 774.586408
0.632000 774.489389
0.633000 774.578635
0.634000 773.380460
0.635000 773.563814
0.636000 776.025112
0.637000 775.386520
0.638000 774.573446
0.639000 774.620944
0.640000 776.135150
0.641000 775.979599
0.642000 775.518541
0.643000 774.080553
0.644000 774.235470
0.645000 774.387977
0.646000 774.792759
0.647000 775.323437
0.648000 774.236263
0.649000 775.279895
0.650000 774.052462
0.651000 774.499036
0.652000 778.606391
0.653000 780.308901
0.654000 781.257563
0.655000 783.266585
0.656000 783.169597
0.657000 783.336387
0.658000 785.426586
0.659000 787.367698
0.660000 788.092639
0.661000 789.389888
0.662000 790.387736
0.663000 792.423683
0.664000 793.374779
0.665000 792.681060
0.666000 793.087380
0.667000 790.996512
0.668000 792.246686
0.669000 792.422817
0.670000 791.902533
0.671000 792.920163
0.672000 793.680799
0.673000 794.490220
0.674000 794.955201
0.675000 795.043490
0.676000 793.533618
0.677000 793.485678
0.678000 794.230917
0.679000 794.898369
0.680000 794.256719
0.681000 793.409030
0.682000 793.566299
0.683000 791.222780
0.684000 789.578131
0.685000 788.771551
0.686000 786.984117
0.687000 786.385069
0.688000 788.535166
0.689000 785.847957
0.690000 782.909273
0.691000 780.136860
0.692000 777.414226
0.693000 773.658461
0.694000 770.447462
0.695000 768.742222
0.696000 767.757862
0.697000 768.225297
0.698000 766.430723
0.699000 766.266036
0.700000 767.783785
0.701000 768.527826
0.702000 768.897099
0.703000 769.383146
0.704000 771.573147
0.705000 774.070652
0.706000 776.455932
0.707000 776.139568
0.708000 776.946774
0.709000 779.164436
0.710000 780.091330
0.711000 782.427220
0.712000 783.302146
0.713000 785.051844
0.714000 786.522082
0.715000 787.190015
0.716000 787.960109
0.717000 788.185372
0.718000 787.697985
0.719000 787.193350
0.720000 787.879704
0.721000 783.521175
0.722000 780.724751
0.723000 779.579952
0.724000 778.882800
0.725000 777.827787
0.726000 776.316644
0.727000 775.136102
0.728000 772.513996
0.729000 770.148490
0.730000 770.150977
0.731000 768.476306
0.732000 768.233617
0.733000 768.246454
0.734000 770.093725
0.735000 769.921663
0.736000 768.965270
0.737000 767.997660
0.738000 766.609849
0.739000 766.758083
0.740000 765.982377
0.741000 765.461139
0.742000 767.116085
0.743000 767.452328
0.744000 766.317875
0.745000 765.776636
0.746000 766.579937
0.747000 768.051135
0.748000 766.697577
0.749000 766.353782
0.750000 765.172188
0.751000 766.345574
0.752000 769.615821
0.753000 770.753982
0.754000 772.421031
0.755000 773.035645
0.756000 773.188534
0.757000 773.120037
0.758000 773.392796
0.759000 773.983871
0.760000 773.381167
0.761000 772.224535
0.762000 772.713740
0.763000 772.945799
0.764000 772.856226
0.765000 772.560724
0.766000 773.515188
0.767000 773.706670
0.768000 771.555025
0.769000 773.597069
0.770000 771.692653
0.771000 771.916154
0.772000 772.010258
0.773000 771.973416
0.774000 772.584577
0.775000 773.718575
0.776000 774.971141
0.777000 775.301008
0.778000 775.691198
0.779000 775.398738
0.780000 776.659334
0.781000 775.416844
0.782000 774.504756
0.783000 774.369854
0.784000 772.032788
0.785000 771.469615
0.786000 772.382592
0.787000 772.796066
0.788000 774.708636
0.789000 772.968500
0.790000 773.778282
0.791000 774.837837
0.792000 775.274418
0.793000 774.893445
0.794000 774.965298
0.795000 777.379880
0.796000 780.260594
0.797000 782.159061
0.798000 785.687334
0.799000 786.487160
0.800000 789.457781
0.801000 790.718575
0.802000 791.078887
0.803000 794.629659
0.804000 794.790818
0.805000 794.229632
0.806000 796.637524
0.807000 796.307117
0.808000 796.952804
0.809000 797.325163
0.810000 797.861660
0.811000 796.661706
0.812000 796.354712
0.813000 797.075866
0.814000 795.663708
0.815000 794.333028
0.816000 793.823088
0.817000 792.358182
0.818000 791.593028
0.819000 789.075594
0.820000 788.663224
0.821000 786.109718
0.822000 784.847448
0.823000 785.070626
0.824000 785.081110
0.825000 784.306608
0.826000 783.391872
0.827000 783.189621
0.828000 782.327287
0.829000 782.315912
0.830000 783.525740
0.831000 785.868937
0.832000 787.439787
0.833000 788.647900
0.834000 789.056179
0.835000 788.968543
0.836000 788.991598
0.837000 786.923676
0.838000 789.616289
0.839000 790.343448
0.840000 789.173594
0.841000 788.702991
0.842000 787.705194
0.843000 785.450560
0.844000 786.691605
0.845000 785.737308
0.846000 787.883042
0.847000 786.479450
0.848000 785.573484
0.849000 785.740398
0.850000 787.150798
0.851000 786.250091
0.852000 784.526707
0.853000 785.526679
0.854000 784.398702
0.855000 782.909238
0.856000 780.663595
0.857000 780.257919
0.858000 777.444883
0.859000 776.593762
0.860000 776.734688
0.861000 776.890735
0.862000 777.270940
0.863000 777.184497
0.864000 777.249794
0.865000 778.087509
0.866000 778.316062
0.867000 778.218743
0.868000 779.083167
0.869000 780.727125
0.870000 779.076407
0.871000 779.608614
0.872000 780.703977
0.873000 781.055281
0.874000 779.709795
0.875000 777.567692
0.876000 780.791957
0.877000 782.018690
0.878000 783.458814
0.879000 784.448686
0.880000 785.795379
0.881000 785.831130
0.882000 786.557771
0.883000 784.630594
0.884000 783.400478
0.885000 784.069123
0.886000 784.808530
0.887000 785.037119
0.888000 785.558832
0.889000 784.423163
0.890000 785.816968
0.891000 786.236705
0.892000 788.895810
0.893000 789.550827
0.894000 791.448363
0.895000 790.062968
0.896000 791.215008
0.897000 791.208739
0.898000 790.780916
0.899000 790.394566
0.900000 790.929411
0.901000 792.191163
0.902000 790.837814
0.903000 791.842327
0.904000 793.767844
0.905000 794.875466
0.906000 796.225515
0.907000 797.075977
0.908000 797.384213
0.909000 799.200055
0.910000 799.715639
0.911000 798.110020
0.912000 798.683922
0.913000 798.183831
0.914000 797.760450
0.915000 797.176325
0.916000 795.420014
0.917000 795.441285
0.918000 795.158458
0.919000 795.784492
0.920000 793.939301
0.921000 792.022724
0.922000 790.942504
0.923000 791.233502
0.924000 792.818060
0.925000 791.824268
0.926000 791.205322
0.927000 789.774719
0.928000 789.318321
0.929000 790.961236
0.930000 789.863049
0.931000 790.565064
0.932000 791.436921
0.933000 791.213067
0.934000 791.554892
0.935000 789.076531
0.936000 791.586515
0.937000 789.910233
0.938000 790.931610
0.939000 791.423359
0.940000 792.570019
0.941000 793.307879
0.942000 795.780334
0.943000 797.302610
0.944000 798.325489
0.945000 800.005019
0.946000 802.189701
0.947000 801.549220
0.948000 801.094155
0.949000 801.074705
0.950000 801.339468
0.951000 799.482548
0.952000 800.599209
0.953000 801.452349
0.954000 800.831427
0.955000 800.602110
0.956000 800.680536
0.957000 798.757798
0.958000 799.576618
0.959000 799.187069
0.960000 799.231058
0.961000 799.618049
0.962000 802.477443
0.963000 802.860160
0.964000 803.214629
0.965000 804.634542
0.966000 805.277427
0.967000 807.657145
0.968000 808.157097
0.969000 808.991008
0.970000 808.502638
0.971000 808.088489
0.972000 807.728971
0.973000 807.816950
0.974000 806.942361
0.975000 807.109239
0.976000 806.332404
0.977000 805.627056
0.978000 806.589547
0.979000 807.302257
0.980000 809.879987
0.981000 809.683902
0.982000 810.194831
0.983000 809.494601
0.984000 808.621871
0.985000 809.371917
0.986000 808.140519
0.987000 810.254960
0.988000 809.021044
0.989000 806.572634
0.990000 803.912405
0.991000 803.117065
0.992000 803.457777
0.993000 800.932393
0.994000 801.003267
0.995000 798.077313
0.996000 797.825428
0.997000 798.348356
0.998000 797.687039
0.999000 798.494859
