0.000000 806.343930
0.001000 807.133664
0.002000 807.809996
0.003000 808.291230
0.004000 808.518834
0.005000 808.463731
0.006000 808.128358
0.007000 807.543665
0.008000 806.761663
0.009000 805.845135
0.010000 804.857310
0.011000 803.854792
0.012000 802.885243
0.013000 801.988669
0.014000 801.199756
0.015000 800.549014
0.016000 800.061896
0.017000 799.756465
0.018000 799.640880
0.019000 799.711385
0.020000 799.951729
0.021000 800.334412
0.022000 800.823836
0.023000 801.381029
0.024000 801.968475
0.025000 802.554166
0.026000 803.113569
0.027000 803.628744
0.028000 804.085283
0.029000 804.468823
0.030000 804.762732
0.031000 804.948484
0.032000 805.008795
0.033000 804.931480
0.034000 804.711929
0.035000 804.353160
0.036000 803.863468
0.037000 803.252952
0.038000 802.530597
0.039000 801.703133
0.040000 800.776349
0.041000 799.758833
0.042000 798.666801
0.043000 797.527876
0.044000 796.382463
0.045000 795.281702
0.046000 794.281927
0.047000 793.437091
0.048000 792.790990
0.049000 792.371331
0.050000 792.186961
0.051000 792.229018
0.052000 792.475260
0.053000 792.895915
0.054000 793.459177
0.055000 794.134567
0.056000 794.893843
0.057000 795.709948
0.058000 796.554770
0.059000 797.396647
0.060000 798.199011
0.061000 798.920821
0.062000 799.519228
0.063000 799.953956
0.064000 800.192268
0.065000 800.213505
0.066000 800.011801
0.067000 799.596876
0.068000 798.992929
0.069000 798.235936
0.070000 797.369600
0.071000 796.440583
0.072000 795.494130
0.073000 794.570527
0.074000 793.703107
0.075000 792.917982
0.076000 792.234801
0.077000 791.667494
0.078000 791.224748
0.079000 790.909757
0.080000 790.719739
0.081000 790.646080
0.082000 790.674951
0.083000 790.788868
0.084000 790.968716
0.085000 791.195261
0.086000 791.450008
0.087000 791.715397
0.088000 791.974732
0.089000 792.212821
0.090000 792.417852
0.091000 792.584309
0.092000 792.715622
0.093000 792.825095
0.094000 792.933741
0.095000 793.064649
0.096000 793.235682
0.097000 793.453366
0.098000 793.710704
0.099000 793.989831
0.100000 794.268284
0.101000 794.526304
0.102000 794.752970
0.103000 794.949756
0.104000 795.131162
0.105000 795.323011
0.106000 795.559019
0.107000 795.876037
0.108000 796.308199
0.109000 796.880673
0.110000 797.604061
0.111000 798.471027
0.112000 799.456494
0.113000 800.521688
0.114000 801.620969
0.115000 802.709115
0.116000 803.746905
0.117000 804.704013
0.118000 805.559375
0.119000 806.299893
0.120000 806.918587
0.121000 807.413049
0.122000 807.784781
0.123000 808.039237
0.124000 808.185894
0.125000 808.237777
0.126000 808.210309
0.127000 808.119018
0.128000 807.976747
0.129000 807.791782
0.130000 807.567648
0.131000 807.304912
0.132000 807.003829
0.133000 806.665745
0.134000 806.291844
0.135000 805.879788
0.136000 805.420801
0.137000 804.899878
0.138000 804.299833
0.139000 803.607452
0.140000 802.819130
0.141000 801.943886
0.142000 801.003026
0.143000 800.026940
0.144000 799.049952
0.145000 798.104210
0.146000 797.213959
0.147000 796.392054
0.148000 795.639503
0.149000 794.947966
0.150000 794.304488
0.151000 793.696431
0.152000 793.115287
0.153000 792.559031
0.154000 792.032682
0.155000 791.547437
0.156000 791.118674
0.157000 790.762842
0.158000 790.493750
0.159000 790.319365
0.160000 790.240371
0.161000 790.250846
0.162000 790.341034
0.163000 790.500817
0.164000 790.721957
0.165000 790.998150
0.166000 791.322349
0.167000 791.682784
0.168000 792.059881
0.169000 792.426154
0.170000 792.749531
0.171000 792.998672
0.172000 793.148373
0.173000 793.183009
0.174000 793.097674
0.175000 792.897476
0.176000 792.596090
0.177000 792.214762
0.178000 791.781957
0.179000 791.333536
0.180000 790.912755
0.181000 790.569334
0.182000 790.356862
0.183000 790.328240
0.184000 790.529272
0.185000 790.991403
0.186000 791.725114
0.187000 792.715718
0.188000 793.923343
0.189000 795.287876
0.190000 796.737703
0.191000 798.200055
0.192000 799.611084
0.193000 800.923480
0.194000 802.110881
0.195000 803.168961
0.196000 804.113576
0.197000 804.976451
0.198000 805.798561
0.199000 806.621830
0.200000 807.480108
0.201000 808.390746
0.202000 809.348588
0.203000 810.323557
0.204000 811.262517
0.205000 812.095129
0.206000 812.742287
0.207000 813.125306
0.208000 813.173885
0.209000 812.832202
0.210000 812.063075
0.211000 810.850466
0.212000 809.201368
0.213000 807.146987
0.214000 804.742811
0.215000 802.067459
0.216000 799.219138
0.217000 796.309464
0.218000 793.454954
0.219000 790.766800
0.220000 788.340364
0.221000 786.245986
0.222000 784.522775
0.223000 783.176519
0.224000 782.182361
0.225000 781.491516
0.226000 781.040076
0.227000 780.758343
0.228000 780.578956
0.229000 780.442760
0.230000 780.302781
0.231000 780.127339
0.232000 779.902803
0.233000 779.635854
0.234000 779.353748
0.235000 779.101083
0.236000 778.932854
0.237000 778.904766
0.238000 779.063727
0.239000 779.440962
0.240000 780.048931
0.241000 780.881877
0.242000 781.918450
0.243000 783.124708
0.244000 784.456662
0.245000 785.862898
0.246000 787.288072
0.247000 788.677684
0.248000 789.983547
0.249000 791.168534
0.250000 792.210065
0.251000 793.101606
0.252000 793.852683
0.253000 794.488149
0.254000 795.046745
0.255000 795.579081
0.256000 796.143947
0.257000 796.802525
0.258000 797.610549
0.259000 798.609098
0.260000 799.816151
0.261000 801.221137
0.262000 802.784425
0.263000 804.441958
0.264000 806.113795
0.265000 807.714309
0.266000 809.162434
0.267000 810.390371
0.268000 811.349326
0.269000 812.011846
0.270000 812.370389
0.271000 812.433194
0.272000 812.219107
0.273000 811.753173
0.274000 811.064046
0.275000 810.183180
0.276000 809.144225
0.277000 807.981937
0.278000 806.731441
0.279000 805.428369
0.280000 804.109673
0.281000 802.814341
0.282000 801.582755
0.283000 800.455212
0.284000 799.470894
0.285000 798.667929
0.286000 798.083501
0.287000 797.751132
0.288000 797.692691
0.289000 797.906666
0.290000 798.359735
0.291000 798.988861
0.292000 799.714918
0.293000 800.460453
0.294000 801.163002
0.295000 801.779449
0.296000 802.282932
0.297000 802.656362
0.298000 802.886191
0.299000 802.958593
0.300000 802.858735
0.301000 802.573299
0.302000 802.095151
0.303000 801.428424
0.304000 800.592650
0.305000 799.624236
0.306000 798.574649
0.307000 797.505693
0.308000 796.482838
0.309000 795.568386
0.310000 794.815581
0.311000 794.264909
0.312000 793.942528
0.313000 793.860061
0.314000 794.015410
0.315000 794.393842
0.316000 794.969414
0.317000 795.707133
0.318000 796.565790
0.319000 797.501731
0.320000 798.472899
0.321000 799.442228
0.322000 800.379478
0.323000 801.261413
0.324000 802.071114
0.325000 802.797027
0.326000 803.432178
0.327000 803.973557
0.328000 804.421103
0.329000 804.776427
0.330000 805.041587
0.331000 805.217719
0.332000 805.303865
0.333000 805.296276
0.334000 805.188217
0.335000 804.970710
0.336000 804.634308
0.337000 804.171660
0.338000 803.580377
0.339000 802.865494
0.340000 802.041267
0.341000 801.132009
0.342000 800.171783
0.343000 799.203078
0.344000 798.274300
0.345000 797.436021
0.346000 796.736402
0.347000 796.216440
0.348000 795.905997
0.349000 795.821066
0.350000 795.962104
0.351000 796.313440
0.352000 796.842867
0.353000 797.502034
0.354000 798.229226
0.355000 798.955584
0.356000 799.613950
0.357000 800.148134
0.358000 800.520693
0.359000 800.717042
0.360000 800.745680
0.361000 800.635138
0.362000 800.428018
0.363000 800.172925
0.364000 799.915439
0.365000 799.689647
0.366000 799.512178
0.367000 799.380749
0.368000 799.278216
0.369000 799.181267
0.370000 799.070483
0.371000 798.937749
0.372000 798.787755
0.373000 798.633380
0.374000 798.487679
0.375000 798.356827
0.376000 798.238274
0.377000 798.124765
0.378000 798.011584
0.379000 797.903260
0.380000 797.816858
0.381000 797.780491
0.382000 797.827570
0.383000 797.988883
0.384000 798.285066
0.385000 798.721806
0.386000 799.288623
0.387000 799.960903
0.388000 800.704515
0.389000 801.482034
0.390000 802.259202
0.391000 803.009765
0.392000 803.717474
0.393000 804.375360
0.394000 804.983495
0.395000 805.546836
0.396000 806.074265
0.397000 806.578654
0.398000 807.077205
0.399000 807.591517
0.400000 808.145999
0.401000 808.763723
0.402000 809.460119
0.403000 810.235879
0.404000 811.071425
0.405000 811.924896
0.406000 812.734729
0.407000 813.426648
0.408000 813.923870
0.409000 814.158157
0.410000 814.079608
0.411000 813.663238
0.412000 812.910956
0.413000 811.849075
0.414000 810.522309
0.415000 808.986688
0.416000 807.303500
0.417000 805.535522
0.418000 803.745456
0.419000 801.995245
0.420000 800.344868
0.421000 798.849986
0.422000 797.558459
0.423000 796.506128
0.424000 795.713017
0.425000 795.180980
0.426000 794.893778
0.427000 794.819866
0.428000 794.917404
0.429000 795.140266
0.430000 795.443623
0.431000 795.787865
0.432000 796.140264
0.433000 796.474804
0.434000 796.771155
0.435000 797.014068
0.436000 797.193398
0.437000 797.304925
0.438000 797.351099
0.439000 797.341003
0.440000 797.289272
0.441000 797.214054
0.442000 797.135072
0.443000 797.072282
0.444000 797.045521
0.445000 797.075159
0.446000 797.182554
0.447000 797.389406
0.448000 797.715571
0.449000 798.175355
0.450000 798.773233
0.451000 799.499994
0.452000 800.330502
0.453000 801.224284
0.454000 802.129618
0.455000 802.990655
0.456000 803.756001
0.457000 804.386806
0.458000 804.862107
0.459000 805.179942
0.460000 805.355052
0.461000 805.413652
0.462000 805.386530
0.463000 805.302320
0.464000 805.182181
0.465000 805.037197
0.466000 804.868806
0.467000 804.672204
0.468000 804.441731
0.469000 804.176592
0.470000 803.885152
0.471000 803.586567
0.472000 803.309435
0.473000 803.087753
0.474000 802.955555
0.475000 802.941869
0.476000 803.066875
0.477000 803.339830
0.478000 803.758851
0.479000 804.311782
0.480000 804.978021
0.481000 805.730740
0.482000 806.538784
0.483000 807.368325
0.484000 808.184116
0.485000 808.950214
0.486000 809.630554
0.487000 810.189664
0.488000 810.593577
0.489000 810.811418
0.490000 810.817840
0.491000 810.596259
0.492000 810.142225
0.493000 809.466177
0.494000 808.594841
0.495000 807.570330
0.496000 806.446927
0.497000 805.285978
0.498000 804.149783
0.499000 803.095766
0.500000 802.172023
0.501000 801.414834
0.502000 800.847741
0.503000 800.481467
0.504000 800.313981
0.505000 800.330384
0.506000 800.503085
0.507000 800.792918
0.508000 801.151334
0.509000 801.523450
0.510000 801.851921
0.511000 802.081618
0.512000 802.164973
0.513000 802.067634
0.514000 801.773975
0.515000 801.291737
0.516000 800.654123
0.517000 799.918322
0.518000 799.160205
0.519000 798.464898
0.520000 797.914527
0.521000 797.575607
0.522000 797.488675
0.523000 797.662414
0.524000 798.074227
0.525000 798.676649
0.526000 799.407256
0.527000 800.199466
0.528000 800.991382
0.529000 801.731063
0.530000 802.378494
0.531000 802.905185
0.532000 803.292646
0.533000 803.530979
0.534000 803.618114
0.535000 803.559888
0.536000 803.370902
0.537000 803.075408
0.538000 802.707459
0.539000 802.309495
0.540000 801.928802
0.541000 801.611856
0.542000 801.397617
0.543000 801.311236
0.544000 801.359104
0.545000 801.527032
0.546000 801.782409
0.547000 802.080036
0.548000 802.370643
0.549000 802.610011
0.550000 802.766543
0.551000 802.825875
0.552000 802.791767
0.553000 802.683424
0.554000 802.530545
0.555000 802.367633
0.556000 802.228654
0.557000 802.143025
0.558000 802.133023
0.559000 802.211920
0.560000 802.382400
0.561000 802.635474
0.562000 802.950226
0.563000 803.294955
0.564000 803.630075
0.565000 803.912229
0.566000 804.098774
0.567000 804.152001
0.568000 804.042018
0.569000 803.748110
0.570000 803.258822
0.571000 802.571084
0.572000 801.689147
0.573000 800.623793
0.574000 799.392112
0.575000 798.018315
0.576000 796.535257
0.577000 794.985864
0.578000 793.423352
0.579000 791.909016
0.580000 790.507160
0.581000 789.277351
0.582000 788.265542
0.583000 787.496550
0.584000 786.970445
0.585000 786.664241
0.586000 786.538192
0.587000 786.544587
0.588000 786.636333
0.589000 786.773401
0.590000 786.926717
0.591000 787.079374
0.592000 787.225898
0.593000 787.370118
0.594000 787.522152
0.595000 787.695382
0.596000 787.903573
0.597000 788.158692
0.598000 788.469302
0.599000 788.838738
0.600000 789.263826
0.601000 789.734285
0.602000 790.233226
0.603000 790.739424
0.604000 791.230979
0.605000 791.689661
0.606000 792.104807
0.607000 792.475801
0.608000 792.812544
0.609000 793.133871
0.610000 793.464615
0.611000 793.832099
0.612000 794.262298
0.613000 794.776120
0.614000 795.386055
0.615000 796.093927
0.616000 796.890657
0.617000 797.758643
0.618000 798.676130
0.619000 799.621939
0.620000 800.579192
0.621000 801.536641
0.622000 802.487670
0.623000 803.427870
0.624000 804.352092
0.625000 805.251535
0.626000 806.111560
0.627000 806.910783
0.628000 807.621728
0.629000 808.213741
0.630000 808.657664
0.631000 808.931324
0.632000 809.024274
0.633000 808.940785
0.634000 808.700694
0.635000 808.338138
0.636000 807.898776
0.637000 807.435349
0.638000 807.001869
0.639000 806.647581
0.640000 806.411831
0.641000 806.320813
0.642000 806.386562
0.643000 806.607004
0.644000 806.965893
0.645000 807.432516
0.646000 807.962165
0.647000 808.498579
0.648000 808.979188
0.649000 809.342872
0.650000 809.538406
0.651000 809.531951
0.652000 809.311962
0.653000 808.889985
0.654000 808.297792
0.655000 807.581928
0.656000 806.797187
0.657000 806.001197
0.658000 805.250814
0.659000 804.600009
0.660000 804.098690
0.661000 803.791283
0.662000 803.714583
0.663000 803.895181
0.664000 804.346682
0.665000 805.066909
0.666000 806.034910
0.667000 807.207906
0.668000 808.519823
0.669000 809.884595
0.670000 811.205659
0.671000 812.389928
0.672000 813.362381
0.673000 814.076184
0.674000 814.515351
0.675000 814.689956
0.676000 814.626125
0.677000 814.355183
0.678000 813.906229
0.679000 813.303817
0.680000 812.569675
0.681000 811.726182
0.682000 810.799606
0.683000 809.822038
0.684000 808.831921
0.685000 807.872998
0.686000 806.991481
0.687000 806.231461
0.688000 805.628978
0.689000 805.206262
0.690000 804.967848
0.691000 804.900112
0.692000 804.974128
0.693000 805.150505
0.694000 805.384873
0.695000 805.632451
0.696000 805.851523
0.697000 806.006238
0.698000 806.069381
0.699000 806.025577
0.700000 805.874596
0.701000 805.633959
0.702000 805.338795
0.703000 805.037122
0.704000 804.779945
0.705000 804.608135
0.706000 804.540917
0.707000 804.571829
0.708000 804.673803
0.709000 804.809851
0.710000 804.943048
0.711000 805.041428
0.712000 805.077593
0.713000 805.025021
0.714000 804.854037
0.715000 804.529248
0.716000 804.009831
0.717000 803.253072
0.718000 802.220210
0.719000 800.882941
0.720000 799.229269
0.721000 797.267707
0.722000 795.029612
0.723000 792.569945
0.724000 789.966656
0.725000 787.319144
0.726000 784.745147
0.727000 782.374543
0.728000 780.339528
0.729000 778.761024
0.730000 777.732763
0.731000 777.306720
0.732000 777.484112
0.733000 778.215488
0.734000 779.410607
0.735000 780.955205
0.736000 782.729255
0.737000 784.621749
0.738000 786.539480
0.739000 788.409832
0.740000 790.179370
0.741000 791.810658
0.742000 793.278990
0.743000 794.569851
0.744000 795.677325
0.745000 796.603347
0.746000 797.357158
0.747000 797.954373
0.748000 798.415485
0.749000 798.763625
0.750000 799.022021
0.751000 799.211425
0.752000 799.348037
0.753000 799.442529
0.754000 799.499901
0.755000 799.520026
0.756000 799.498826
0.757000 799.429913
0.758000 799.306421
0.759000 799.122838
0.760000 798.876513
0.761000 798.568173
0.762000 798.201346
0.763000 797.780814
0.764000 797.310342
0.765000 796.790645
0.766000 796.218612
0.767000 795.587991
0.768000 794.891492
0.769000 794.123725
0.770000 793.284129
0.771000 792.379012
0.772000 791.422344
0.773000 790.435390
0.774000 789.445390
0.775000 788.483651
0.776000 787.582914
0.777000 786.774270
0.778000 786.083811
0.779000 785.529961
0.780000 785.122760
0.781000 784.865103
0.782000 784.755686
0.783000 784.792627
0.784000 784.976084
0.785000 785.309166
0.786000 785.797287
0.787000 786.446116
0.788000 787.259234
0.789000 788.236501
0.790000 789.373341
0.791000 790.661078
0.792000 792.087466
0.793000 793.636874
0.794000 795.289933
0.795000 797.022652
0.796000 798.804958
0.797000 800.599112
0.798000 802.358822
0.799000 804.029969
0.800000 805.553859
0.801000 806.872133
0.802000 807.932336
0.803000 808.692569
0.804000 809.124198
0.805000 809.213066
0.806000 808.959399
0.807000 808.377284
0.808000 807.494150
0.809000 806.350706
0.810000 805.001438
0.811000 803.515011
0.812000 801.973584
0.813000 800.469327
0.814000 799.096606
0.815000 797.939967
0.816000 797.060395
0.817000 796.484115
0.818000 796.197956
0.819000 796.152583
0.820000 796.271892
0.821000 796.465515
0.822000 796.641604
0.823000 796.717964
0.824000 796.630608
0.825000 796.339390
0.826000 795.830230
0.827000 795.114275
0.828000 794.224733
0.829000 793.211506
0.830000 792.134648
0.831000 791.057241
0.832000 790.038499
0.833000 789.128687
0.834000 788.366841
0.835000 787.781151
0.836000 787.390930
0.837000 787.208574
0.838000 787.239654
0.839000 787.480763
0.840000 787.916180
0.841000 788.515153
0.842000 789.232193
0.843000 790.011013
0.844000 790.791207
0.845000 791.516219
0.846000 792.140462
0.847000 792.634340
0.848000 792.986924
0.849000 793.206219
0.850000 793.317126
0.851000 793.357304
0.852000 793.371300
0.853000 793.403618
0.854000 793.492272
0.855000 793.664160
0.856000 793.933284
0.857000 794.301855
0.858000 794.763448
0.859000 795.307221
0.860000 795.922136
0.861000 796.599931
0.862000 797.336309
0.863000 798.130455
0.864000 798.983213
0.865000 799.894720
0.866000 800.862447
0.867000 801.880157
0.868000 802.937730
0.869000 804.021770
0.870000 805.116255
0.871000 806.202822
0.872000 807.261042
0.873000 808.268670
0.874000 809.202876
0.875000 810.042320
0.876000 810.769483
0.877000 811.372897
0.878000 811.847933
0.879000 812.195888
0.880000 812.421906
0.881000 812.532451
0.882000 812.533144
0.883000 812.427553
0.884000 812.217088
0.885000 811.901676
0.886000 811.480617
0.887000 810.953342
0.888000 810.319803
0.889000 809.580362
0.890000 808.735585
0.891000 807.785982
0.892000 806.731795
0.893000 805.573138
0.894000 804.310785
0.895000 802.947404
0.896000 801.489402
0.897000 799.949068
0.898000 798.346751
0.899000 796.712717
0.900000 795.087814
0.901000 793.522585
0.902000 792.074080
0.903000 790.800451
0.904000 789.753874
0.905000 788.973146
0.906000 788.478174
0.907000 788.267773
0.908000 788.321160
0.909000 788.602204
0.910000 789.064556
0.911000 789.656188
0.912000 790.322858
0.913000 791.011167
0.914000 791.672259
0.915000 792.265996
0.916000 792.765168
0.917000 793.158895
0.918000 793.453483
0.919000 793.670314
0.920000 793.841165
0.921000 794.001907
0.922000 794.186584
0.923000 794.422937
0.924000 794.729839
0.925000 795.116592
0.926000 795.583278
0.927000 796.121505
0.928000 796.715433
0.929000 797.342708
0.930000 797.975408
0.931000 798.581408
0.932000 799.126490
0.933000 799.577682
0.934000 799.907307
0.935000 800.097230
0.936000 800.142519
0.937000 800.053674
0.938000 799.856566
0.939000 799.589354
0.940000 799.296299
0.941000 799.019387
0.942000 798.789551
0.943000 798.619991
0.944000 798.504294
0.945000 798.419932
0.946000 798.336183
0.947000 798.223856
0.948000 798.063657
0.949000 797.851382
0.950000 797.598599
0.951000 797.329286
0.952000 797.073891
0.953000 796.862653
0.954000 796.720388
0.955000 796.663810
0.956000 796.701310
0.957000 796.833761
0.958000 797.054633
0.959000 797.348851
0.960000 797.691499
0.961000 798.048762
0.962000 798.382304
0.963000 798.655906
0.964000 798.842224
0.965000 798.927546
0.966000 798.913336
0.967000 798.814957
0.968000 798.658588
0.969000 798.477179
0.970000 798.306317
0.971000 798.180328
0.972000 798.128699
0.973000 798.172877
0.974000 798.323537
0.975000 798.578741
0.976000 798.923935
0.977000 799.334289
0.978000 799.779279
0.979000 800.228514
0.980000 800.657678
0.981000 801.053113
0.982000 801.414218
0.983000 801.753111
0.984000 802.090851
0.985000 802.450678
0.986000 802.850084
0.987000 803.294707
0.988000 803.776418
0.989000 804.276464
0.990000 804.771899
0.991000 805.242188
0.992000 805.673074
0.993000 806.056561
0.994000 806.387949
0.995000 806.661532
0.996000 806.867142
0.997000 806.988805
0.998000 807.005957
0.999000 806.896890
