0.000000 806.343930
0.001000 807.230720
0.002000 808.012546
0.003000 808.604636
0.004000 808.944583
0.005000 808.999070
0.006000 808.766390
0.007000 808.273869
0.008000 807.570720
0.009000 806.717902
0.010000 805.777798
0.011000 804.807041
0.012000 803.854052
0.013000 802.960208
0.014000 802.162089
0.015000 801.492534
0.016000 800.979679
0.017000 800.644491
0.018000 800.498082
0.019000 800.539527
0.020000 800.755111
0.021000 801.119408
0.022000 801.598336
0.023000 802.153855
0.024000 802.748821
0.025000 803.351138
0.026000 803.935811
0.027000 804.484146
0.028000 804.980715
0.029000 805.409875
0.030000 805.753448
0.031000 805.991092
0.032000 806.103517
0.033000 806.076445
0.034000 805.903189
0.035000 805.584801
0.036000 805.127790
0.037000 804.540640
0.038000 803.830884
0.039000 803.003936
0.040000 802.064427
0.041000 801.020021
0.042000 799.886345
0.043000 798.690921
0.044000 797.474691
0.045000 796.290062
0.046000 795.195357
0.047000 794.247136
0.048000 793.492232
0.049000 792.961613
0.050000 792.667354
0.051000 792.603602
0.052000 792.750804
0.053000 793.081471
0.054000 793.565625
0.055000 794.174187
0.056000 794.879859
0.057000 795.656040
0.058000 796.474565
0.059000 797.303175
0.060000 798.104160
0.061000 798.834768
0.062000 799.449916
0.063000 799.906677
0.064000 800.169350
0.065000 800.214151
0.066000 800.032112
0.067000 799.630072
0.068000 799.029731
0.069000 798.265096
0.070000 797.378531
0.071000 796.416015
0.072000 795.422748
0.073000 794.439523
0.074000 793.500663
0.075000 792.633665
0.076000 791.859856
0.077000 791.195059
0.078000 790.649984
0.079000 790.229869
0.080000 789.933936
0.081000 789.755402
0.082000 789.682045
0.083000 789.697731
0.084000 789.784373
0.085000 789.923419
0.086000 790.096738
0.087000 790.286809
0.088000 790.476684
0.089000 790.650690
0.090000 790.796383
0.091000 790.907543
0.092000 790.986951
0.093000 791.047423
0.094000 791.109685
0.095000 791.196780
0.096000 791.326724
0.097000 791.506299
0.098000 791.728778
0.099000 791.976442
0.100000 792.226776
0.101000 792.459763
0.102000 792.664062
0.103000 792.840710
0.104000 793.003896
0.105000 793.179419
0.106000 793.401395
0.107000 793.707535
0.108000 794.133269
0.109000 794.705380
0.110000 795.436254
0.111000 796.320287
0.112000 797.333898
0.113000 798.439404
0.114000 799.591689
0.115000 800.745488
0.116000 801.860990
0.117000 802.906778
0.118000 803.860350
0.119000 804.706919
0.120000 805.437656
0.121000 806.048254
0.122000 806.538328
0.123000 806.911534
0.124000 807.175714
0.125000 807.342480
0.126000 807.426056
0.127000 807.440949
0.128000 807.399127
0.129000 807.308075
0.130000 807.170500
0.131000 806.986194
0.132000 806.754775
0.133000 806.477213
0.134000 806.154739
0.135000 805.785446
0.136000 805.361114
0.137000 804.867067
0.138000 804.285983
0.139000 803.603961
0.140000 802.816298
0.141000 801.930833
0.142000 800.967912
0.143000 799.957420
0.144000 798.933791
0.145000 797.929929
0.146000 796.971369
0.147000 796.072537
0.148000 795.236027
0.149000 794.454854
0.150000 793.717041
0.151000 793.010604
0.152000 792.327453
0.153000 791.665920
0.154000 791.031456
0.155000 790.435875
0.156000 789.895382
0.157000 789.427454
0.158000 789.047102
0.159000 788.763519
0.160000 788.578480
0.161000 788.486971
0.162000 788.479890
0.163000 788.547531
0.164000 788.681989
0.165000 788.877319
0.166000 789.126987
0.167000 789.419862
0.168000 789.736853
0.169000 790.050531
0.170000 790.328256
0.171000 790.537438
0.172000 790.651016
0.173000 790.651185
0.174000 790.530811
0.175000 790.292922
0.176000 789.949421
0.177000 789.520164
0.178000 789.032713
0.179000 788.522521
0.180000 788.033035
0.181000 787.614868
0.182000 787.323213
0.183000 787.213369
0.184000 787.334308
0.185000 787.721299
0.186000 788.389069
0.187000 789.327223
0.188000 790.499797
0.189000 791.849710
0.190000 793.307095
0.191000 794.799539
0.192000 796.262163
0.193000 797.645451
0.194000 798.920094
0.195000 800.078492
0.196000 801.133362
0.197000 802.113816
0.198000 803.058984
0.199000 804.009897
0.200000 805.000424
0.201000 806.048673
0.202000 807.150649
0.203000 808.277358
0.204000 809.376268
0.205000 810.376758
0.206000 811.198221
0.207000 811.759104
0.208000 811.984939
0.209000 811.814612
0.210000 811.204804
0.211000 810.132819
0.212000 808.598831
0.213000 806.627541
0.214000 804.268638
0.215000 801.596155
0.216000 798.705506
0.217000 795.707560
0.218000 792.720436
0.219000 789.859253
0.220000 787.225315
0.221000 784.896378
0.222000 782.919622
0.223000 781.308790
0.224000 780.046153
0.225000 779.088693
0.226000 778.376714
0.227000 777.843216
0.228000 777.422076
0.229000 777.054182
0.230000 776.691677
0.231000 776.301274
0.232000 775.867415
0.233000 775.394917
0.234000 774.909656
0.235000 774.455686
0.236000 774.088452
0.237000 773.864937
0.238000 773.833928
0.239000 774.028775
0.240000 774.464039
0.241000 775.136089
0.242000 776.025892
0.243000 777.102191
0.244000 778.323914
0.245000 779.642378
0.246000 781.004159
0.247000 782.355352
0.248000 783.646841
0.249000 784.839022
0.250000 785.905581
0.251000 786.835497
0.252000 787.633541
0.253000 788.320074
0.254000 788.929980
0.255000 789.511045
0.256000 790.120638
0.257000 790.820204
0.258000 791.667616
0.259000 792.707786
0.260000 793.963845
0.261000 795.431032
0.262000 797.075172
0.263000 798.836402
0.264000 800.636958
0.265000 802.391042
0.266000 804.015148
0.267000 805.437091
0.268000 806.602375
0.269000 807.477295
0.270000 808.048384
0.271000 808.318813
0.272000 808.303338
0.273000 808.023741
0.274000 807.505812
0.275000 806.778107
0.276000 805.871418
0.277000 804.817758
0.278000 803.649787
0.279000 802.401323
0.280000 801.108523
0.281000 799.811057
0.282000 798.551918
0.283000 797.375825
0.284000 796.327636
0.285000 795.451777
0.286000 794.791729
0.287000 794.387260
0.288000 794.266665
0.289000 794.434940
0.290000 794.864454
0.291000 795.495543
0.292000 796.249168
0.293000 797.044984
0.294000 797.815786
0.295000 798.513381
0.296000 799.106474
0.297000 799.574560
0.298000 799.901496
0.299000 800.071061
0.300000 800.065639
0.301000 799.868238
0.302000 799.467013
0.303000 798.860602
0.304000 798.062863
0.305000 797.105176
0.306000 796.035525
0.307000 794.914484
0.308000 793.808855
0.309000 792.784751
0.310000 791.901180
0.311000 791.205572
0.312000 790.731388
0.313000 790.497261
0.314000 790.507360
0.315000 790.752342
0.316000 791.210651
0.317000 791.850602
0.318000 792.633121
0.319000 793.515348
0.320000 794.454825
0.321000 795.413114
0.322000 796.358120
0.323000 797.264847
0.324000 798.115046
0.325000 798.896462
0.326000 799.602074
0.327000 800.229137
0.328000 800.777835
0.329000 801.249773
0.330000 801.646257
0.331000 801.966837
0.332000 802.208244
0.333000 802.363560
0.334000 802.422311
0.335000 802.371368
0.336000 802.196805
0.337000 801.886886
0.338000 801.435094
0.339000 800.842911
0.340000 800.121863
0.341000 799.294413
0.342000 798.393705
0.343000 797.462101
0.344000 796.548465
0.345000 795.704206
0.346000 794.978681
0.347000 794.414181
0.348000 794.041737
0.349000 793.878656
0.350000 793.927676
0.351000 794.177331
0.352000 794.602537
0.353000 795.164893
0.354000 795.813394
0.355000 796.487504
0.356000 797.123387
0.357000 797.662216
0.358000 798.058651
0.359000 798.287189
0.360000 798.344894
0.361000 798.250330
0.362000 798.039219
0.363000 797.757513
0.364000 797.452768
0.365000 797.165308
0.366000 796.920994
0.367000 796.727598
0.368000 796.576355
0.369000 796.448540
0.370000 796.324748
0.371000 796.193427
0.372000 796.054638
0.373000 795.917532
0.374000 795.793293
0.375000 795.687710
0.376000 795.597938
0.377000 795.514928
0.378000 795.430132
0.379000 795.342997
0.380000 795.265937
0.381000 795.225159
0.382000 795.256942
0.383000 795.400291
0.384000 795.688312
0.385000 796.140628
0.386000 796.758708
0.387000 797.525064
0.388000 798.406167
0.389000 799.358524
0.390000 800.335802
0.391000 801.295142
0.392000 802.201735
0.393000 803.031166
0.394000 803.770414
0.395000 804.418325
0.396000 804.985414
0.397000 805.492589
0.398000 805.968378
0.399000 806.445267
0.400000 806.955620
0.401000 807.527092
0.402000 808.177677
0.403000 808.910751
0.404000 809.711219
0.405000 810.543850
0.406000 811.354717
0.407000 812.075958
0.408000 812.633326
0.409000 812.955466
0.410000 812.983459
0.411000 812.679276
0.412000 812.031152
0.413000 811.054767
0.414000 809.790337
0.415000 808.296366
0.416000 806.641695
0.417000 804.897837
0.418000 803.133294
0.419000 801.410330
0.420000 799.783660
0.421000 798.300362
0.422000 796.999515
0.423000 795.911065
0.424000 795.054191
0.425000 794.435544
0.426000 794.048564
0.427000 793.874226
0.428000 793.883428
0.429000 794.040797
0.430000 794.308374
0.431000 794.648677
0.432000 795.026708
0.433000 795.410850
0.434000 795.773343
0.435000 796.090913
0.436000 796.345499
0.437000 796.524988
0.438000 796.624001
0.439000 796.644006
0.440000 796.592837
0.441000 796.483839
0.442000 796.334666
0.443000 796.166353
0.444000 796.003054
0.445000 795.872120
0.446000 795.804146
0.447000 795.831833
0.448000 795.986816
0.449000 796.294820
0.450000 796.769695
0.451000 797.408255
0.452000 798.187622
0.453000 799.066500
0.454000 799.990485
0.455000 800.899833
0.456000 801.738463
0.457000 802.462032
0.458000 803.043317
0.459000 803.474364
0.460000 803.764952
0.461000 803.938055
0.462000 804.023305
0.463000 804.049947
0.464000 804.040977
0.465000 804.009460
0.466000 803.957851
0.467000 803.880432
0.468000 803.768209
0.469000 803.614958
0.470000 803.422689
0.471000 803.205416
0.472000 802.990125
0.473000 802.814386
0.474000 802.721172
0.475000 802.752019
0.476000 802.940456
0.477000 803.306660
0.478000 803.854493
0.479000 804.571748
0.480000 805.432824
0.481000 806.402992
0.482000 807.443230
0.483000 808.514163
0.484000 809.578134
0.485000 810.599249
0.486000 811.541951
0.487000 812.369355
0.488000 813.042839
0.489000 813.523848
0.490000 813.777496
0.491000 813.777146
0.492000 813.508267
0.493000 812.970639
0.494000 812.178782
0.495000 811.160812
0.496000 809.956767
0.497000 808.616948
0.498000 807.200293
0.499000 805.772293
0.500000 804.402091
0.501000 803.158215
0.502000 802.103142
0.503000 801.287360
0.504000 800.743372
0.505000 800.480537
0.506000 800.482095
0.507000 800.705317
0.508000 801.085565
0.509000 801.543946
0.510000 801.996487
0.511000 802.363568
0.512000 802.578151
0.513000 802.592086
0.514000 802.380588
0.515000 801.944794
0.516000 801.312207
0.517000 800.534592
0.518000 799.683100
0.519000 798.840722
0.520000 798.092232
0.521000 797.512948
0.522000 797.158652
0.523000 797.058471
0.524000 797.212500
0.525000 797.594735
0.526000 798.159997
0.527000 798.852721
0.528000 799.615072
0.529000 800.392684
0.530000 801.138057
0.531000 801.812070
0.532000 802.384502
0.533000 802.834642
0.534000 803.152220
0.535000 803.338227
0.536000 803.405374
0.537000 803.377372
0.538000 803.286647
0.539000 803.170787
0.540000 803.067822
0.541000 803.011085
0.542000 803.024438
0.543000 803.118507
0.544000 803.288820
0.545000 803.516116
0.546000 803.768517
0.547000 804.005475
0.548000 804.182915
0.549000 804.258844
0.550000 804.198633
0.551000 803.979230
0.552000 803.591920
0.553000 803.043357
0.554000 802.354702
0.555000 801.559270
0.556000 800.699313
0.557000 799.822361
0.558000 798.977525
0.559000 798.212199
0.560000 797.569092
0.561000 797.083545
0.562000 796.781193
0.563000 796.675719
0.564000 796.767175
0.565000 797.041145
0.566000 797.469072
0.567000 798.010130
0.568000 798.614664
0.569000 799.228881
0.570000 799.799984
0.571000 800.280855
0.572000 800.633534
0.573000 800.830987
0.574000 800.857244
0.575000 800.706389
0.576000 800.381496
0.577000 799.894398
0.578000 799.266194
0.579000 798.527968
0.580000 797.720085
0.581000 796.888734
0.582000 796.079668
0.583000 795.331689
0.584000 794.672662
0.585000 794.118999
0.586000 793.678172
0.587000 793.351713
0.588000 793.137023
0.589000 793.027429
0.590000 793.011086
0.591000 793.070268
0.592000 793.181597
0.593000 793.317365
0.594000 793.447841
0.595000 793.543970
0.596000 793.579811
0.597000 793.534326
0.598000 793.393135
0.599000 793.150318
0.600000 792.810530
0.601000 792.391150
0.602000 791.923424
0.603000 791.451745
0.604000 791.030311
0.605000 790.717551
0.606000 790.569017
0.607000 790.630169
0.608000 790.930922
0.609000 791.483039
0.610000 792.280764
0.611000 793.304370
0.612000 794.525252
0.613000 795.910887
0.614000 797.428300
0.615000 799.045324
0.616000 800.729741
0.617000 802.447526
0.618000 804.161226
0.619000 805.829458
0.620000 807.408224
0.621000 808.853597
0.622000 810.125279
0.623000 811.190154
0.624000 812.024854
0.625000 812.616697
0.626000 812.962804
0.627000 813.067804
0.628000 812.940726
0.629000 812.592175
0.630000 812.032920
0.631000 811.273994
0.632000 810.328422
0.633000 809.213984
0.634000 807.956369
0.635000 806.591906
0.636000 805.169184
0.637000 803.748793
0.638000 802.400091
0.639000 801.195129
0.640000 800.201198
0.641000 799.473787
0.642000 799.051489
0.643000 798.953997
0.644000 799.182606
0.645000 799.722095
0.646000 800.542772
0.647000 801.602263
0.648000 802.847800
0.649000 804.219503
0.650000 805.654742
0.651000 807.093105
0.652000 808.480570
0.653000 809.772177
0.654000 810.933352
0.655000 811.940338
0.656000 812.780102
0.657000 813.450175
0.658000 813.958143
0.659000 814.320157
0.660000 814.558469
0.661000 814.698022
0.662000 814.762257
0.663000 814.769086
0.664000 814.727583
0.665000 814.635717
0.666000 814.479810
0.667000 814.236338
0.668000 813.875661
0.669000 813.367467
0.670000 812.687690
0.671000 811.825493
0.672000 810.788584
0.673000 809.605486
0.674000 808.324039
0.675000 807.006180
0.676000 805.720241
0.677000 804.532480
0.678000 803.499290
0.679000 802.661320
0.680000 802.040007
0.681000 801.636792
0.682000 801.435175
0.683000 801.404810
0.684000 801.506753
0.685000 801.698682
0.686000 801.939220
0.687000 802.191272
0.688000 802.424653
0.689000 802.618502
0.690000 802.763298
0.691000 802.862220
0.692000 802.930861
0.693000 802.994767
0.694000 803.085159
0.695000 803.233611
0.696000 803.467203
0.697000 803.805464
0.698000 804.259482
0.699000 804.832947
0.700000 805.524213
0.701000 806.327835
0.702000 807.234782
0.703000 808.230981
0.704000 809.294856
0.705000 810.394813
0.706000 811.488264
0.707000 812.522622
0.708000 813.438285
0.709000 814.173329
0.710000 814.668688
0.711000 814.873383
0.712000 814.749043
0.713000 814.273442
0.714000 813.443232
0.715000 812.275760
0.716000 810.809514
0.717000 809.102946
0.718000 807.231296
0.719000 805.280845
0.720000 803.340934
0.721000 801.494820
0.722000 799.811153
0.723000 798.338035
0.724000 797.100783
0.725000 796.103991
0.726000 795.336627
0.727000 794.778253
0.728000 794.404878
0.729000 794.193317
0.730000 794.123767
0.731000 794.180575
0.732000 794.351499
0.733000 794.625707
0.734000 794.991469
0.735000 795.434295
0.736000 795.936242
0.737000 796.476134
0.738000 797.030316
0.739000 797.573341
0.740000 798.078152
0.741000 798.516912
0.742000 798.862991
0.743000 799.093743
0.744000 799.192648
0.745000 799.149903
0.746000 798.961366
0.747000 798.626853
0.748000 798.149299
0.749000 797.535268
0.750000 796.796681
0.751000 795.953116
0.752000 795.033748
0.753000 794.078310
0.754000 793.136298
0.755000 792.263618
0.756000 791.516341
0.757000 790.942290
0.758000 790.572829
0.759000 790.417134
0.760000 790.461399
0.761000 790.673685
0.762000 791.012495
0.763000 791.436321
0.764000 791.911205
0.765000 792.414564
0.766000 792.934947
0.767000 793.468744
0.768000 794.015501
0.769000 794.573132
0.770000 795.134352
0.771000 795.685300
0.772000 796.206554
0.773000 796.676000
0.774000 797.072509
0.775000 797.379119
0.776000 797.585001
0.777000 797.685616
0.778000 797.681445
0.779000 797.576356
0.780000 797.376196
0.781000 797.088167
0.782000 796.721021
0.783000 796.285492
0.784000 795.794689
0.785000 795.264146
0.786000 794.711220
0.787000 794.154408
0.788000 793.612901
0.789000 793.106273
0.790000 792.654322
0.791000 792.276799
0.792000 791.992801
0.793000 791.819814
0.794000 791.772759
0.795000 791.863344
0.796000 792.099736
0.797000 792.486149
0.798000 793.021325
0.799000 793.694875
0.800000 794.482133
0.801000 795.339535
0.802000 796.203691
0.803000 796.996770
0.804000 797.637376
0.805000 798.053556
0.806000 798.193463
0.807000 798.031439
0.808000 797.569523
0.809000 796.834847
0.810000 795.874098
0.811000 794.746161
0.812000 793.513681
0.813000 792.234773
0.814000 790.956810
0.815000 789.713701
0.816000 788.527271
0.817000 787.411814
0.818000 786.379861
0.819000 785.446897
0.820000 784.633588
0.821000 783.965522
0.822000 783.470849
0.823000 783.176826
0.824000 783.106143
0.825000 783.273626
0.826000 783.683780
0.827000 784.329338
0.828000 785.190850
0.829000 786.237373
0.830000 787.428691
0.831000 788.718973
0.832000 790.061293
0.833000 791.412706
0.834000 792.738895
0.835000 794.017326
0.836000 795.238222
0.837000 796.403056
0.838000 797.520764
0.839000 798.602687
0.840000 799.657480
0.841000 800.687411
0.842000 801.687204
0.843000 802.645764
0.844000 803.549960
0.845000 804.389004
0.846000 805.157902
0.847000 805.858717
0.848000 806.499239
0.849000 807.089792
0.850000 807.639292
0.851000 808.151654
0.852000 808.623861
0.853000 809.046152
0.854000 809.404165
0.855000 809.682749
0.856000 809.869993
0.857000 809.959820
0.858000 809.952661
0.859000 809.854639
0.860000 809.676689
0.861000 809.434315
0.862000 809.147866
0.863000 808.842425
0.864000 808.546647
0.865000 808.290921
0.866000 808.105444
0.867000 808.018135
0.868000 808.051629
0.869000 808.219221
0.870000 808.520761
0.871000 808.940471
0.872000 809.448633
0.873000 810.006636
0.874000 810.572705
0.875000 811.105946
0.876000 811.568086
0.877000 811.924092
0.878000 812.143498
0.879000 812.202987
0.880000 812.089601
0.881000 811.803056
0.882000 811.355856
0.883000 810.770644
0.884000 810.074686
0.885000 809.292923
0.886000 808.441643
0.887000 807.524473
0.888000 806.532082
0.889000 805.445965
0.890000 804.244883
0.891000 802.912243
0.892000 801.442639
0.893000 799.846012
0.894000 798.149329
0.895000 796.395988
0.896000 794.643651
0.897000 792.960954
0.898000 791.423044
0.899000 790.105684
0.900000 789.078501
0.901000 788.398298
0.902000 788.103805
0.903000 788.213853
0.904000 788.728462
0.905000 789.631666
0.906000 790.894345
0.907000 792.475853
0.908000 794.324410
0.909000 796.377520
0.910000 798.563660
0.911000 800.806130
0.912000 803.028771
0.913000 805.161796
0.914000 807.146503
0.915000 808.937617
0.916000 810.502886
0.917000 811.820422
0.918000 812.875147
0.919000 813.656213
0.920000 814.156361
0.921000 814.373208
0.922000 814.311691
0.923000 813.986434
0.924000 813.422911
0.925000 812.657057
0.926000 811.733263
0.927000 810.701319
0.928000 809.613245
0.929000 808.520287
0.930000 807.470360
0.931000 806.505768
0.932000 805.661157
0.933000 804.961706
0.934000 804.421670
0.935000 804.043652
0.936000 803.818852
0.937000 803.728393
0.938000 803.745442
0.939000 803.837999
0.940000 803.972044
0.941000 804.114192
0.942000 804.233549
0.943000 804.302599
0.944000 804.297151
0.945000 804.196105
0.946000 803.981972
0.947000 803.642988
0.948000 803.176476
0.949000 802.592314
0.950000 801.914861
0.951000 801.181484
0.952000 800.436972
0.953000 799.724639
0.954000 799.076971
0.955000 798.509690
0.956000 798.021380
0.957000 797.598245
0.958000 797.221343
0.959000 796.872826
0.960000 796.539797
0.961000 796.215450
0.962000 795.898475
0.963000 795.591688
0.964000 795.300828
0.965000 795.034047
0.966000 794.801732
0.967000 794.616173
0.968000 794.490534
0.969000 794.436701
0.970000 794.462345
0.971000 794.568439
0.972000 794.748278
0.973000 794.989028
0.974000 795.275447
0.975000 795.594373
0.976000 795.938184
0.977000 796.305600
0.978000 796.699435
0.979000 797.122279
0.980000 797.571815
0.981000 798.037970
0.982000 798.503727
0.983000 798.949305
0.984000 799.357868
0.985000 799.720224
0.986000 800.036481
0.987000 800.313873
0.988000 800.561771
0.989000 800.786095
0.990000 800.985343
0.991000 801.149279
0.992000 801.260583
0.993000 801.298680
0.994000 801.244211
0.995000 801.083011
0.996000 800.808512
0.997000 800.422776
0.998000 799.936453
0.999000 799.368041
