0.000000 806.343930
0.001000 807.279168
0.002000 808.114296
0.003000 808.763046
0.004000 809.161095
0.005000 809.272990
0.006000 809.094912
0.007000 808.652300
0.008000 807.992872
0.009000 807.176560
0.010000 806.265200
0.011000 805.315310
0.012000 804.375577
0.013000 803.487938
0.014000 802.689811
0.015000 802.015129
0.016000 801.493303
0.017000 801.146709
0.018000 800.987925
0.019000 801.017442
0.020000 801.222834
0.021000 801.579757
0.022000 802.054941
0.023000 802.610878
0.024000 803.210689
0.025000 803.822306
0.026000 804.420578
0.027000 804.986505
0.028000 805.504216
0.029000 805.957471
0.030000 806.327348
0.031000 806.592621
0.032000 806.733006
0.033000 806.733173
0.034000 806.585377
0.035000 806.289653
0.036000 805.851562
0.037000 805.278728
0.038000 804.577889
0.039000 803.753732
0.040000 802.810218
0.041000 801.754459
0.042000 800.601705
0.043000 799.379346
0.044000 798.128532
0.045000 796.902246
0.046000 795.759748
0.047000 794.758852
0.048000 793.947885
0.049000 793.359425
0.050000 793.007156
0.051000 792.886752
0.052000 792.980044
0.053000 793.260750
0.054000 793.699900
0.055000 794.269204
0.056000 794.941937
0.057000 795.691845
0.058000 796.490839
0.059000 797.306450
0.060000 798.100467
0.061000 798.829350
0.062000 799.446956
0.063000 799.909072
0.064000 800.178553
0.065000 800.230069
0.066000 800.053105
0.067000 799.653047
0.068000 799.050312
0.069000 798.277866
0.070000 797.377327
0.071000 796.394250
0.072000 795.373709
0.073000 794.356656
0.074000 793.377820
0.075000 792.465300
0.076000 791.641187
0.077000 790.922196
0.078000 790.319995
0.079000 789.840821
0.080000 789.484877
0.081000 789.246303
0.082000 789.113707
0.083000 789.071666
0.084000 789.102662
0.085000 789.188547
0.086000 789.311429
0.087000 789.453874
0.088000 789.598867
0.089000 789.730558
0.090000 789.836244
0.091000 789.909414
0.092000 789.952573
0.093000 789.978324
0.094000 790.007275
0.095000 790.062457
0.096000 790.161954
0.097000 790.312679
0.098000 790.508046
0.099000 790.730421
0.100000 790.957297
0.101000 791.168565
0.102000 791.352711
0.103000 791.510575
0.104000 791.656203
0.105000 791.815383
0.106000 792.022412
0.107000 792.315408
0.108000 792.730418
0.109000 793.295018
0.110000 794.022471
0.111000 794.908068
0.112000 795.929027
0.113000 797.048274
0.114000 798.221076
0.115000 799.402271
0.116000 800.551843
0.117000 801.637932
0.118000 802.637385
0.119000 803.534626
0.120000 804.319945
0.121000 804.988098
0.122000 805.537748
0.123000 805.971630
0.124000 806.296730
0.125000 806.523883
0.126000 806.666638
0.127000 806.738908
0.128000 806.752116
0.129000 806.713241
0.130000 806.624476
0.131000 806.485091
0.132000 806.294252
0.133000 806.052639
0.134000 805.761428
0.135000 805.418917
0.136000 805.017205
0.137000 804.541834
0.138000 803.975442
0.139000 803.303757
0.140000 802.521449
0.141000 801.635639
0.142000 800.666048
0.143000 799.642153
0.144000 798.598332
0.145000 797.567782
0.146000 796.576659
0.147000 795.640236
0.148000 794.761968
0.149000 793.935621
0.150000 793.149776
0.151000 792.392802
0.152000 791.656800
0.153000 790.940241
0.154000 790.248780
0.155000 789.594516
0.156000 788.994055
0.157000 788.465416
0.158000 788.024247
0.159000 787.680395
0.160000 787.436250
0.161000 787.287308
0.162000 787.224829
0.163000 787.239328
0.164000 787.323069
0.165000 787.470316
0.166000 787.674861
0.167000 787.926006
0.168000 788.205050
0.169000 788.484768
0.170000 788.732376
0.171000 788.914715
0.172000 789.003833
0.173000 788.980811
0.174000 788.837356
0.175000 788.575402
0.176000 788.205902
0.177000 787.747967
0.178000 787.228586
0.179000 786.682903
0.180000 786.154336
0.181000 785.693786
0.182000 785.357117
0.183000 785.200718
0.184000 785.275102
0.185000 785.617509
0.186000 786.244940
0.187000 787.149393
0.188000 788.297162
0.189000 789.633001
0.190000 791.088249
0.191000 792.590891
0.192000 794.075662
0.193000 795.492008
0.194000 796.809082
0.195000 798.017545
0.196000 799.128392
0.197000 800.169229
0.198000 801.178120
0.199000 802.195576
0.200000 803.255468
0.201000 804.376376
0.202000 805.555057
0.203000 806.763339
0.204000 807.949298
0.205000 809.042478
0.206000 809.961809
0.207000 810.624490
0.208000 810.954038
0.209000 810.886633
0.210000 810.375673
0.211000 809.394804
0.212000 807.940317
0.213000 806.033059
0.214000 803.719167
0.215000 801.069651
0.216000 798.177771
0.217000 795.153362
0.218000 792.114825
0.219000 789.178915
0.220000 786.449764
0.221000 784.008916
0.222000 781.907899
0.223000 780.164865
0.224000 778.766102
0.225000 777.671937
0.226000 776.825207
0.227000 776.160558
0.228000 775.612694
0.229000 775.122652
0.230000 774.642173
0.231000 774.137136
0.232000 773.590903
0.233000 773.007190
0.234000 772.410995
0.235000 771.845984
0.236000 771.367774
0.237000 771.034075
0.238000 770.894750
0.239000 770.984405
0.240000 771.318880
0.241000 771.895791
0.242000 772.697515
0.243000 773.694409
0.244000 774.847198
0.245000 776.108950
0.246000 777.427583
0.247000 778.749834
0.248000 780.026306
0.249000 781.216223
0.250000 782.291313
0.251000 783.238109
0.252000 784.058743
0.253000 784.770974
0.254000 785.407389
0.255000 786.013973
0.256000 786.647045
0.257000 787.367951
0.258000 788.235507
0.259000 789.296630
0.260000 790.577368
0.261000 792.076364
0.262000 793.762777
0.263000 795.579447
0.264000 797.450201
0.265000 799.289520
0.266000 801.012826
0.267000 802.545644
0.268000 803.830403
0.269000 804.830003
0.270000 805.527740
0.271000 805.924018
0.272000 806.031362
0.273000 805.869816
0.274000 805.463637
0.275000 804.839798
0.276000 804.027428
0.277000 803.056861
0.278000 801.959180
0.279000 800.766836
0.280000 799.515046
0.281000 798.243283
0.282000 796.995365
0.283000 795.817946
0.284000 794.758759
0.285000 793.865620
0.286000 793.185577
0.287000 792.762043
0.288000 792.627142
0.289000 792.789834
0.290000 793.226011
0.291000 793.878236
0.292000 794.667790
0.293000 795.512784
0.294000 796.343342
0.295000 797.108376
0.296000 797.774038
0.297000 798.317900
0.298000 798.722414
0.299000 798.970142
0.300000 799.042046
0.301000 798.919216
0.302000 798.587270
0.303000 798.041752
0.304000 797.293161
0.305000 796.369770
0.306000 795.317247
0.307000 794.195024
0.308000 793.070232
0.309000 792.010760
0.310000 791.078669
0.311000 790.325237
0.312000 789.788081
0.313000 789.489904
0.314000 789.438511
0.315000 789.627695
0.316000 790.038414
0.317000 790.640777
0.318000 791.396809
0.319000 792.264011
0.320000 793.199561
0.321000 794.164113
0.322000 795.124375
0.323000 796.054353
0.324000 796.935237
0.325000 797.754787
0.326000 798.506631
0.327000 799.188988
0.328000 799.803103
0.329000 800.351439
0.330000 800.835671
0.331000 801.255048
0.332000 801.605295
0.333000 801.877829
0.334000 802.059982
0.335000 802.136042
0.336000 802.089275
0.337000 801.905052
0.338000 801.574085
0.339000 801.095361
0.340000 800.478391
0.341000 799.744185
0.342000 798.924894
0.343000 798.062352
0.344000 797.205299
0.345000 796.405366
0.346000 795.712391
0.347000 795.169217
0.348000 794.807478
0.349000 794.645105
0.350000 794.685710
0.351000 794.919490
0.352000 795.324319
0.353000 795.866401
0.354000 796.500426
0.355000 797.171104
0.356000 797.817768
0.357000 798.381646
0.358000 798.814287
0.359000 799.084899
0.360000 799.184483
0.361000 799.125897
0.362000 798.940452
0.363000 798.671709
0.364000 798.367253
0.365000 798.069807
0.366000 797.809563
0.367000 797.599649
0.368000 797.436353
0.369000 797.304586
0.370000 797.186596
0.371000 797.070594
0.372000 796.955355
0.373000 796.848763
0.374000 796.761300
0.375000 796.698525
0.376000 796.657256
0.377000 796.627413
0.378000 796.598306
0.379000 796.566293
0.380000 796.540462
0.381000 796.544459
0.382000 796.613934
0.383000 796.790079
0.384000 797.111112
0.385000 797.603731
0.386000 798.276726
0.387000 799.118315
0.388000 800.097883
0.389000 801.171282
0.390000 802.288019
0.391000 803.398219
0.392000 804.458041
0.393000 805.433470
0.394000 806.302840
0.395000 807.058778
0.396000 807.709052
0.397000 808.275362
0.398000 808.789755
0.399000 809.289468
0.400000 809.811401
0.401000 810.386757
0.402000 811.036188
0.403000 811.765449
0.404000 812.562371
0.405000 813.395697
0.406000 814.216126
0.407000 814.960098
0.408000 815.556071
0.409000 815.932787
0.410000 816.028470
0.411000 815.799666
0.412000 815.227878
0.413000 814.322496
0.414000 813.119447
0.415000 811.675744
0.416000 810.061582
0.417000 808.351750
0.418000 806.618291
0.419000 804.925758
0.420000 803.329032
0.421000 801.873238
0.422000 800.594502
0.423000 799.520345
0.424000 798.669240
0.425000 798.049679
0.426000 797.659434
0.427000 797.485446
0.428000 797.504971
0.429000 797.687752
0.430000 797.998466
0.431000 798.399188
0.432000 798.851524
0.433000 799.318590
0.434000 799.766879
0.435000 800.168042
0.436000 800.500198
0.437000 800.748544
0.438000 800.905521
0.439000 800.970499
0.440000 800.949144
0.441000 800.852730
0.442000 800.697504
0.443000 800.504298
0.444000 800.298527
0.445000 800.110389
0.446000 799.974761
0.447000 799.930023
0.448000 800.014824
0.449000 800.262513
0.450000 800.694249
0.451000 801.312543
0.452000 802.097545
0.453000 803.008174
0.454000 803.987888
0.455000 804.973198
0.456000 805.903305
0.457000 806.728728
0.458000 807.417089
0.459000 807.955352
0.460000 808.348683
0.461000 808.616262
0.462000 808.784958
0.463000 808.882682
0.464000 808.932615
0.465000 808.949363
0.466000 808.938106
0.467000 808.896539
0.468000 808.819341
0.469000 808.703896
0.470000 808.555533
0.471000 808.391121
0.472000 808.240142
0.473000 808.142538
0.474000 808.143470
0.475000 808.286201
0.476000 808.604742
0.477000 809.118176
0.478000 809.827796
0.479000 810.717680
0.480000 811.758227
0.481000 812.911226
0.482000 814.135086
0.483000 815.388541
0.484000 816.631901
0.485000 817.826139
0.486000 818.931117
0.487000 819.904350
0.488000 820.701995
0.489000 821.282389
0.490000 821.611017
0.491000 821.665237
0.492000 821.436952
0.493000 820.932992
0.494000 820.173240
0.495000 819.187844
0.496000 818.015126
0.497000 816.700693
0.498000 815.297328
0.499000 813.865022
0.500000 812.469886
0.501000 811.180684
0.502000 810.063404
0.503000 809.174378
0.504000 808.552789
0.505000 808.213740
0.506000 808.143665
0.507000 808.299974
0.508000 808.615533
0.509000 809.007433
0.510000 809.388412
0.511000 809.678354
0.512000 809.813788
0.513000 809.754240
0.514000 809.485208
0.515000 809.018033
0.516000 808.387150
0.517000 807.645480
0.518000 806.858310
0.519000 806.096403
0.520000 805.428306
0.521000 804.912846
0.522000 804.592945
0.523000 804.491076
0.524000 804.608085
0.525000 804.925438
0.526000 805.410055
0.527000 806.020192
0.528000 806.710645
0.529000 807.436333
0.530000 808.154192
0.531000 808.824868
0.532000 809.414679
0.533000 809.897937
0.534000 810.259197
0.535000 810.494652
0.536000 810.612368
0.537000 810.631130
0.538000 810.577965
0.539000 810.484747
0.540000 810.384099
0.541000 810.304869
0.542000 810.268080
0.543000 810.283768
0.544000 810.349196
0.545000 810.448883
0.546000 810.556387
0.547000 810.637387
0.548000 810.653687
0.549000 810.567653
0.550000 810.346537
0.551000 809.965990
0.552000 809.412718
0.553000 808.686560
0.554000 807.801714
0.555000 806.787201
0.556000 805.686538
0.557000 804.556139
0.558000 803.462185
0.559000 802.475411
0.560000 801.663983
0.561000 801.085601
0.562000 800.780661
0.563000 800.768072
0.564000 801.044466
0.565000 801.586546
0.566000 802.355520
0.567000 803.302318
0.568000 804.372644
0.569000 805.511219
0.570000 806.664712
0.571000 807.783386
0.572000 808.821599
0.573000 809.737995
0.574000 810.495933
0.575000 811.065303
0.576000 811.425986
0.577000 811.572139
0.578000 811.516269
0.579000 811.290708
0.580000 810.944953
0.581000 810.538132
0.582000 810.128568
0.583000 809.764142
0.584000 809.476697
0.585000 809.281808
0.586000 809.181760
0.587000 809.169080
0.588000 809.228990
0.589000 809.340506
0.590000 809.477454
0.591000 809.609953
0.592000 809.706288
0.593000 809.735030
0.594000 809.666997
0.595000 809.476570
0.596000 809.142742
0.597000 808.650610
0.598000 807.993723
0.599000 807.177278
0.600000 806.221654
0.601000 805.165164
0.602000 804.064265
0.603000 802.989911
0.604000 802.019473
0.605000 801.225278
0.606000 800.662869
0.607000 800.362465
0.608000 800.326503
0.609000 800.534149
0.610000 800.950764
0.611000 801.538804
0.612000 802.266659
0.613000 803.113039
0.614000 804.066266
0.615000 805.119729
0.616000 806.265769
0.617000 807.490292
0.618000 808.769708
0.619000 810.070881
0.620000 811.353458
0.621000 812.573571
0.622000 813.688047
0.623000 814.658378
0.624000 815.453970
0.625000 816.054289
0.626000 816.450027
0.627000 816.643426
0.628000 816.647468
0.629000 816.484093
0.630000 816.181357
0.631000 815.769440
0.632000 815.276263
0.633000 814.723400
0.634000 814.123684
0.635000 813.481220
0.636000 812.793755
0.637000 812.056991
0.638000 811.269288
0.639000 810.435283
0.640000 809.567874
0.641000 808.688370
0.642000 807.825608
0.643000 807.014478
0.644000 806.294099
0.645000 805.705917
0.646000 805.291514
0.647000 805.089839
0.648000 805.133422
0.649000 805.443644
0.650000 806.025805
0.651000 806.865680
0.652000 807.929253
0.653000 809.166518
0.654000 810.518470
0.655000 811.924614
0.656000 813.328715
0.657000 814.681592
0.658000 815.940949
0.659000 817.069546
0.660000 818.033582
0.661000 818.802360
0.662000 819.349527
0.663000 819.655765
0.664000 819.711940
0.665000 819.521786
0.666000 819.103339
0.667000 818.488153
0.668000 817.718354
0.669000 816.841642
0.670000 815.905105
0.671000 814.949482
0.672000 814.005295
0.673000 813.092336
0.674000 812.222538
0.675000 811.404925
0.676000 810.650864
0.677000 809.977991
0.678000 809.411438
0.679000 808.982072
0.680000 808.722192
0.681000 808.659248
0.682000 808.809151
0.683000 809.170887
0.684000 809.723804
0.685000 810.428546
0.686000 811.231284
0.687000 812.070582
0.688000 812.885584
0.689000 813.623738
0.690000 814.246914
0.691000 814.734979
0.692000 815.086742
0.693000 815.318201
0.694000 815.458676
0.695000 815.545582
0.696000 815.618616
0.697000 815.714280
0.698000 815.861167
0.699000 816.076942
0.700000 816.367705
0.701000 816.729704
0.702000 817.152654
0.703000 817.623593
0.704000 818.129960
0.705000 818.660849
0.706000 819.206259
0.707000 819.755086
0.708000 820.293270
0.709000 820.803415
0.710000 821.266293
0.711000 821.663495
0.712000 821.980358
0.713000 822.208170
0.714000 822.344814
0.715000 822.393601
0.716000 822.361019
0.717000 822.254191
0.718000 822.078602
0.719000 821.836739
0.720000 821.527316
0.721000 821.145046
0.722000 820.680999
0.723000 820.123427
0.724000 819.459008
0.725000 818.674707
0.726000 817.759928
0.727000 816.708078
0.728000 815.517668
0.729000 814.193102
0.730000 812.745422
0.731000 811.193226
0.732000 809.563193
0.733000 807.889565
0.734000 806.212314
0.735000 804.574018
0.736000 803.016504
0.737000 801.578245
0.738000 800.292845
0.739000 799.187885
0.740000 798.283466
0.741000 797.590020
0.742000 797.105982
0.743000 796.816975
0.744000 796.696989
0.745000 796.711711
0.746000 796.823017
0.747000 796.993494
0.748000 797.190579
0.749000 797.390053
0.750000 797.578445
0.751000 797.754078
0.752000 797.926198
0.753000 798.111939
0.754000 798.331693
0.755000 798.603729
0.756000 798.939066
0.757000 799.338141
0.758000 799.790323
0.759000 800.276433
0.760000 800.774094
0.761000 801.264276
0.762000 801.736812
0.763000 802.192716
0.764000 802.642796
0.765000 803.102590
0.766000 803.585007
0.767000 804.093540
0.768000 804.618244
0.769000 805.136329
0.770000 805.617516
0.771000 806.032156
0.772000 806.359764
0.773000 806.595123
0.774000 806.749995
0.775000 806.850011
0.776000 806.927427
0.777000 807.012186
0.778000 807.124063
0.779000 807.268712
0.780000 807.438623
0.781000 807.617634
0.782000 807.786450
0.783000 807.926657
0.784000 808.021800
0.785000 808.055693
0.786000 808.009414
0.787000 807.859082
0.788000 807.575870
0.789000 807.128867
0.790000 806.490361
0.791000 805.642392
0.792000 804.583108
0.793000 803.331120
0.794000 801.926386
0.795000 800.427076
0.796000 798.902894
0.797000 797.425874
0.798000 796.060437
0.799000 794.854694
0.800000 793.834219
0.801000 792.999120
0.802000 792.324916
0.803000 791.767080
0.804000 791.268918
0.805000 790.771260
0.806000 790.222192
0.807000 789.585187
0.808000 788.843809
0.809000 788.002583
0.810000 787.084121
0.811000 786.124084
0.812000 785.166066
0.813000 784.257997
0.814000 783.450125
0.815000 782.793387
0.816000 782.336892
0.817000 782.123550
0.818000 782.184477
0.819000 782.533882
0.820000 783.165955
0.821000 784.054810
0.822000 785.157017
0.823000 786.415945
0.824000 787.767550
0.825000 789.146928
0.826000 790.495469
0.827000 791.767614
0.828000 792.935913
0.829000 793.993071
0.830000 794.949748
0.831000 795.828146
0.832000 796.652540
0.833000 797.439391
0.834000 798.190150
0.835000 798.889082
0.836000 799.506924
0.837000 800.008921
0.838000 800.364356
0.839000 800.554330
0.840000 800.575510
0.841000 800.439300
0.842000 800.167344
0.843000 799.785346
0.844000 799.317912
0.845000 798.786062
0.846000 798.207002
0.847000 797.594770
0.848000 796.959604
0.849000 796.305330
0.850000 795.626221
0.851000 794.906005
0.852000 794.120874
0.853000 793.246442
0.854000 792.266415
0.855000 791.179859
0.856000 790.004707
0.857000 788.776734
0.858000 787.544832
0.859000 786.364064
0.860000 785.288568
0.861000 784.365531
0.862000 783.631313
0.863000 783.109912
0.864000 782.812847
0.865000 782.739920
0.866000 782.880515
0.867000 783.215305
0.868000 783.718669
0.869000 784.361374
0.870000 785.113025
0.871000 785.943726
0.872000 786.824125
0.873000 787.723847
0.874000 788.608964
0.875000 789.439493
0.876000 790.168110
0.877000 790.741421
0.878000 791.104503
0.879000 791.208552
0.880000 791.021054
0.881000 790.536051
0.882000 789.780442
0.883000 788.811918
0.884000 787.705890
0.885000 786.535178
0.886000 785.353028
0.887000 784.189378
0.888000 783.060683
0.889000 781.984162
0.890000 780.986322
0.891000 780.102308
0.892000 779.369383
0.893000 778.819215
0.894000 778.472494
0.895000 778.337408
0.896000 778.411203
0.897000 778.683499
0.898000 779.139708
0.899000 779.763104
0.900000 780.535188
0.901000 781.434364
0.902000 782.434029
0.903000 783.501500
0.904000 784.599179
0.905000 785.687940
0.906000 786.731269
0.907000 787.698896
0.908000 788.568605
0.909000 789.325787
0.910000 789.961444
0.911000 790.469747
0.912000 790.846581
0.913000 791.089804
0.914000 791.200997
0.915000 791.187795
0.916000 791.065320
0.917000 790.856152
0.918000 790.588548
0.919000 790.293394
0.920000 790.000872
0.921000 789.737212
0.922000 789.522204
0.923000 789.367935
0.924000 789.278731
0.925000 789.252031
0.926000 789.280148
0.927000 789.352168
0.928000 789.455696
0.929000 789.578221
0.930000 789.708213
0.931000 789.836211
0.932000 789.955908
0.933000 790.065129
0.934000 790.166233
0.935000 790.265697
0.936000 790.372461
0.937000 790.495334
0.938000 790.639662
0.939000 790.804351
0.940000 790.980424
0.941000 791.152390
0.942000 791.302936
0.943000 791.420123
0.944000 791.504616
0.945000 791.573163
0.946000 791.656021
0.947000 791.788757
0.948000 792.002339
0.949000 792.316413
0.950000 792.738225
0.951000 793.265462
0.952000 793.890011
0.953000 794.600303
0.954000 795.382053
0.955000 796.218778
0.956000 797.092616
0.957000 797.986060
0.958000 798.884207
0.959000 799.776724
0.960000 800.659149
0.961000 801.532743
0.962000 802.402646
0.963000 803.274123
0.964000 804.146884
0.965000 805.008553
0.966000 805.830231
0.967000 806.567095
0.968000 807.165448
0.969000 807.574176
0.970000 807.756077
0.971000 807.695041
0.972000 807.397364
0.973000 806.888638
0.974000 806.208814
0.975000 805.407205
0.976000 804.537958
0.977000 803.655757
0.978000 802.811675
0.979000 802.049220
0.980000 801.400867
0.981000 800.885728
0.982000 800.509353
0.983000 800.265755
0.984000 800.141021
0.985000 800.117357
0.986000 800.176295
0.987000 800.300299
0.988000 800.473018
0.989000 800.679412
0.990000 800.906532
0.991000 801.145357
0.992000 801.393317
0.993000 801.655861
0.994000 801.945259
0.995000 802.275317
0.996000 802.652290
0.997000 803.064968
0.998000 803.477629
0.999000 803.829266
