0.000000 806.343930
0.001000 807.279249
0.002000 806.487601
0.003000 807.462198
0.004000 815.504713
0.005000 813.583504
0.006000 813.915911
0.007000 815.337672
0.008000 804.600696
0.009000 797.574797
0.010000 800.892225
0.011000 794.028107
0.012000 798.233846
0.013000 797.201536
0.014000 791.040404
0.015000 791.289006
0.016000 797.984060
0.017000 794.737565
0.018000 803.697863
0.019000 799.305985
0.020000 795.023877
0.021000 794.381833
0.022000 799.816387
0.023000 806.735435
0.024000 808.677888
0.025000 824.209495
0.026000 820.915590
0.027000 815.707075
0.028000 808.043842
0.029000 805.317951
0.030000 805.050878
0.031000 801.666636
0.032000 805.231938
0.033000 798.275131
0.034000 801.741610
0.035000 797.450618
0.036000 799.443289
0.037000 796.851892
0.038000 791.863357
0.039000 785.162879
0.040000 781.140367
0.041000 785.809710
0.042000 784.854436
0.043000 794.714167
0.044000 799.331620
0.045000 804.243719
0.046000 798.369663
0.047000 793.820611
0.048000 802.961174
0.049000 799.105089
0.050000 805.170939
0.051000 809.541358
0.052000 805.690051
0.053000 810.385150
0.054000 814.548970
0.055000 816.932823
0.056000 820.877911
0.057000 820.805090
0.058000 808.970932
0.059000 813.575073
0.060000 807.787670
0.061000 803.513278
0.062000 805.730642
0.063000 810.194806
0.064000 809.908139
0.065000 804.963401
0.066000 804.407370
0.067000 803.409179
0.068000 797.704972
0.069000 795.107324
0.070000 793.879062
0.071000 791.853602
0.072000 790.773144
0.073000 793.214167
0.074000 802.574682
0.075000 806.089890
0.076000 800.629483
0.077000 802.159017
0.078000 805.872690
0.079000 802.162601
0.080000 806.647926
0.081000 809.444397
0.082000 811.909611
0.083000 809.159978
0.084000 803.824224
0.085000 806.431278
0.086000 810.747002
0.087000 805.570536
0.088000 800.254085
0.089000 806.182757
0.090000 813.351248
0.091000 810.792525
0.092000 809.610063
0.093000 810.796711
0.094000 816.381509
0.095000 819.670538
0.096000 821.623477
0.097000 820.342539
0.098000 822.024927
0.099000 823.282956
0.100000 822.074996
0.101000 822.098922
0.102000 818.515782
0.103000 817.832275
0.104000 814.933023
0.105000 819.278135
0.106000 815.145050
0.107000 810.283597
0.108000 804.961223
0.109000 792.369072
0.110000 792.133029
0.111000 787.121782
0.112000 788.224670
0.113000 787.053337
0.114000 787.295183
0.115000 796.764156
0.116000 804.337951
0.117000 802.417796
0.118000 801.872284
0.119000 805.254176
0.120000 811.529759
0.121000 817.770342
0.122000 809.367954
0.123000 799.358307
0.124000 795.437489
0.125000 803.437269
0.126000 801.003000
0.127000 791.889406
0.128000 794.395610
0.129000 796.062822
0.130000 797.954166
0.131000 793.357852
0.132000 798.248060
0.133000 797.143193
0.134000 798.589581
0.135000 796.956278
0.136000 800.726018
0.137000 805.445820
0.138000 805.610861
0.139000 799.569723
0.140000 802.928465
0.141000 800.900711
0.142000 803.838182
0.143000 806.608860
0.144000 806.279993
0.145000 807.079439
0.146000 807.913584
0.147000 805.340250
0.148000 810.223438
0.149000 795.989526
0.150000 803.348400
0.151000 806.623857
0.152000 807.263460
0.153000 806.211589
0.154000 801.211216
0.155000 794.315257
0.156000 799.126673
0.157000 798.949541
0.158000 801.185397
0.159000 802.272677
0.160000 803.970582
0.161000 803.316638
0.162000 803.969196
0.163000 819.098252
0.164000 817.157587
0.165000 824.618964
0.166000 827.172944
0.167000 825.789028
0.168000 830.437002
0.169000 824.104777
0.170000 817.578183
0.171000 812.825264
0.172000 804.470967
0.173000 803.930773
0.174000 804.422683
0.175000 814.177755
0.176000 825.443349
0.177000 814.433996
0.178000 820.954024
0.179000 819.519630
0.180000 819.191761
0.181000 814.741139
0.182000 810.938530
0.183000 814.688627
0.184000 807.437915
0.185000 813.956793
0.186000 813.267047
0.187000 819.442647
0.188000 813.554782
0.189000 808.201084
0.190000 797.391205
0.191000 796.553178
0.192000 802.969873
0.193000 801.349324
0.194000 795.343334
0.195000 792.384735
0.196000 794.111103
0.197000 791.753991
0.198000 795.098738
0.199000 793.170620
0.200000 786.306398
0.201000 784.116423
0.202000 779.468870
0.203000 778.592200
0.204000 782.142505
0.205000 785.680261
0.206000 786.600085
0.207000 789.192798
0.208000 785.363376
0.209000 791.810801
0.210000 800.640514
0.211000 803.287600
0.212000 801.210476
0.213000 797.604772
0.214000 797.075995
0.215000 803.181446
0.216000 808.784077
0.217000 807.964458
0.218000 810.191299
0.219000 807.223619
0.220000 803.850006
0.221000 801.424593
0.222000 802.273386
0.223000 810.827581
0.224000 812.969946
0.225000 814.696157
0.226000 813.048164
0.227000 808.959649
0.228000 801.225969
0.229000 801.552510
0.230000 788.336765
0.231000 795.672378
0.232000 791.470031
0.233000 794.343017
0.234000 797.438997
0.235000 795.974855
0.236000 794.376078
0.237000 800.332674
0.238000 800.379459
0.239000 802.234998
0.240000 800.451477
0.241000 809.047303
0.242000 804.365465
0.243000 798.426941
0.244000 798.748893
0.245000 787.343319
0.246000 790.047527
0.247000 793.782691
0.248000 786.480971
0.249000 787.544249
0.250000 780.195312
0.251000 780.185042
0.252000 778.929204
0.253000 777.474628
0.254000 785.526327
0.255000 789.485182
0.256000 790.969255
0.257000 792.509543
0.258000 792.364906
0.259000 796.610433
0.260000 793.866715
0.261000 798.376147
0.262000 803.762937
0.263000 797.612734
0.264000 799.154911
0.265000 796.709885
0.266000 796.305635
0.267000 779.812148
0.268000 787.142440
0.269000 788.244818
0.270000 786.466105
0.271000 790.129644
0.272000 790.932106
0.273000 781.854565
0.274000 791.997360
0.275000 784.811214
0.276000 782.756114
0.277000 790.052643
0.278000 795.612638
0.279000 794.224126
0.280000 786.791383
0.281000 777.979591
0.282000 781.795764
0.283000 790.530115
0.284000 793.846075
0.285000 789.694800
0.286000 790.898090
0.287000 786.895656
0.288000 785.040117
0.289000 782.558728
0.290000 784.515851
0.291000 780.152913
0.292000 786.554507
0.293000 781.544004
0.294000 781.132177
0.295000 774.457160
0.296000 781.698712
0.297000 778.914343
0.298000 780.881673
0.299000 785.510027
0.300000 783.597732
0.301000 782.333771
0.302000 781.291275
0.303000 779.691601
0.304000 779.324324
0.305000 779.725556
0.306000 775.960168
0.307000 771.460783
0.308000 767.407153
0.309000 765.454676
0.310000 772.221979
0.311000 771.383142
0.312000 776.198830
0.313000 771.938612
0.314000 778.787622
0.315000 777.118946
0.316000 785.281024
0.317000 787.712695
0.318000 793.099692
0.319000 793.307915
0.320000 796.269145
0.321000 790.096176
0.322000 789.353973
0.323000 788.109584
0.324000 797.797230
0.325000 792.050402
0.326000 789.171738
0.327000 790.941560
0.328000 792.645719
0.329000 794.043456
0.330000 788.703055
0.331000 773.372064
0.332000 769.197706
0.333000 775.059413
0.334000 785.463377
0.335000 782.243615
0.336000 784.410987
0.337000 787.816157
0.338000 779.997089
0.339000 773.888256
0.340000 769.446972
0.341000 765.797408
0.342000 768.867787
0.343000 768.501732
0.344000 772.333892
0.345000 779.242479
0.346000 774.092655
0.347000 779.724013
0.348000 781.673764
0.349000 776.583773
0.350000 782.953697
0.351000 796.519651
0.352000 784.106795
0.353000 789.344052
0.354000 781.689180
0.355000 785.773355
0.356000 797.264501
0.357000 800.761517
0.358000 797.746516
0.359000 797.370929
0.360000 799.847736
0.361000 796.334588
0.362000 798.233781
0.363000 803.429148
0.364000 811.330839
0.365000 799.028324
0.366000 790.353213
0.367000 793.379444
0.368000 800.231097
0.369000 806.941172
0.370000 815.665250
0.371000 808.044313
0.372000 808.770690
0.373000 814.615217
0.374000 803.567246
0.375000 815.214667
0.376000 804.495522
0.377000 805.260948
0.378000 819.496006
0.379000 816.505265
0.380000 813.477546
0.381000 807.669449
0.382000 802.717545
0.383000 806.682562
0.384000 804.043454
0.385000 797.102530
0.386000 802.572811
0.387000 796.257187
0.388000 794.567550
0.389000 799.515126
0.390000 798.957133
0.391000 786.441920
0.392000 795.271297
0.393000 795.339568
0.394000 798.814828
0.395000 798.785915
0.396000 799.158746
0.397000 793.167180
0.398000 794.719611
0.399000 798.558210
0.400000 790.406299
0.401000 794.286939
0.402000 795.071966
0.403000 793.714159
0.404000 787.510411
0.405000 787.934533
0.406000 784.124617
0.407000 774.878863
0.408000 766.467703
0.409000 764.155980
0.410000 774.034661
0.411000 774.254685
0.412000 783.798431
0.413000 773.003481
0.414000 773.856891
0.415000 769.183757
0.416000 780.770846
0.417000 793.813143
0.418000 798.671015
0.419000 804.497408
0.420000 808.239826
0.421000 808.102763
0.422000 801.752734
0.423000 804.415921
0.424000 803.122355
0.425000 804.814594
0.426000 804.495589
0.427000 804.011222
0.428000 803.869532
0.429000 803.371237
0.430000 791.970144
0.431000 802.810331
0.432000 794.279886
0.433000 801.380638
0.434000 806.281596
0.435000 808.929303
0.436000 806.779769
0.437000 805.355172
0.438000 810.114091
0.439000 803.943469
0.440000 807.847943
0.441000 803.754796
0.442000 804.009611
0.443000 803.863786
0.444000 797.526318
0.445000 796.378066
0.446000 800.305564
0.447000 806.460870
0.448000 800.613676
0.449000 796.084381
0.450000 804.032531
0.451000 811.569270
0.452000 822.497076
0.453000 821.276144
0.454000 810.467527
0.455000 808.814055
0.456000 817.034315
0.457000 820.553239
0.458000 821.199413
0.459000 819.928158
0.460000 827.705452
0.461000 821.369072
0.462000 818.617857
0.463000 805.035827
0.464000 796.994287
0.465000 808.160185
0.466000 805.757752
0.467000 814.380672
0.468000 812.335087
0.469000 822.024391
0.470000 828.160689
0.471000 825.767298
0.472000 822.777216
0.473000 827.017235
0.474000 823.803339
0.475000 822.919117
0.476000 828.752571
0.477000 824.498822
0.478000 828.676060
0.479000 822.329621
0.480000 820.128683
0.481000 811.244756
0.482000 812.267960
0.483000 816.373681
0.484000 813.755209
0.485000 803.039622
0.486000 800.661656
0.487000 805.916954
0.488000 809.914828
0.489000 813.010056
0.490000 809.460344
0.491000 815.867643
0.492000 815.598718
0.493000 812.794774
0.494000 816.513774
0.495000 815.620792
0.496000 818.110995
0.497000 814.844484
0.498000 810.921852
0.499000 820.878841
0.500000 816.949497
0.501000 823.841577
0.502000 827.058259
0.503000 828.995127
0.504000 825.658401
0.505000 821.315286
0.506000 822.752986
0.507000 819.515199
0.508000 813.282850
0.509000 803.887569
0.510000 811.549721
0.511000 814.033865
0.512000 810.688856
0.513000 813.412278
0.514000 814.040809
0.515000 814.603501
0.516000 820.603798
0.517000 814.953404
0.518000 808.751917
0.519000 809.967211
0.520000 806.552885
0.521000 807.257433
0.522000 797.288165
0.523000 793.056557
0.524000 787.738515
0.525000 797.369247
0.526000 800.721684
0.527000 803.858665
0.528000 803.364546
0.529000 799.725081
0.530000 795.700833
0.531000 804.458486
0.532000 809.346071
0.533000 810.881582
0.534000 797.925215
0.535000 791.709516
0.536000 790.206867
0.537000 791.533773
0.538000 793.840095
0.539000 793.541254
0.540000 786.185217
0.541000 789.871412
0.542000 789.075156
0.543000 788.398358
0.544000 781.747422
0.545000 790.268310
0.546000 785.653364
0.547000 788.994672
0.548000 787.034477
0.549000 783.413927
0.550000 779.739607
0.551000 779.300018
0.552000 787.791559
0.553000 799.573459
0.554000 798.209962
0.555000 800.653207
0.556000 796.086746
0.557000 787.512360
0.558000 785.535535
0.559000 785.636279
0.560000 786.085168
0.561000 781.472710
0.562000 781.779203
0.563000 781.152333
0.564000 792.064046
0.565000 789.838255
0.566000 790.399588
0.567000 781.825123
0.568000 784.853653
0.569000 782.477240
0.570000 785.137635
0.571000 787.126857
0.572000 800.110642
0.573000 802.152689
0.574000 798.451246
0.575000 798.521293
0.576000 798.211003
0.577000 799.524936
0.578000 798.992053
0.579000 795.130971
0.580000 807.293986
0.581000 804.189111
0.582000 796.862311
0.583000 788.583110
0.584000 791.667995
0.585000 790.273405
0.586000 786.486700
0.587000 781.365974
0.588000 789.224433
0.589000 785.255043
0.590000 777.423529
0.591000 781.651698
0.592000 777.041686
0.593000 777.039906
0.594000 776.893354
0.595000 773.602034
0.596000 779.664127
0.597000 771.488162
0.598000 775.714047
0.599000 778.914909
0.600000 785.099354
0.601000 783.396333
0.602000 779.736295
0.603000 777.196880
0.604000 774.335840
0.605000 777.458557
0.606000 776.825417
0.607000 784.235017
0.608000 782.696900
0.609000 789.554656
0.610000 791.776688
0.611000 788.282825
0.612000 787.247785
0.613000 784.667917
0.614000 774.726197
0.615000 782.067262
0.616000 777.659894
0.617000 787.009921
0.618000 788.252672
0.619000 790.602525
0.620000 793.007995
0.621000 786.052556
0.622000 793.026129
0.623000 788.715839
0.624000 790.650347
0.625000 792.282620
0.626000 792.154468
0.627000 794.276460
0.628000 800.238192
0.629000 791.127271
0.630000 788.488428
0.631000 786.358909
0.632000 785.289646
0.633000 786.130563
0.634000 793.893971
0.635000 787.193605
0.636000 784.973747
0.637000 781.275700
0.638000 782.976834
0.639000 786.259716
0.640000 786.422317
0.641000 788.596484
0.642000 798.849545
0.643000 791.338571
0.644000 781.338451
0.645000 781.102748
0.646000 784.911905
0.647000 780.190178
0.648000 780.400966
0.649000 783.547845
0.650000 787.286077
0.651000 791.904226
0.652000 786.362476
0.653000 788.380760
0.654000 797.129912
0.655000 796.689212
0.656000 798.125763
0.657000 792.946975
0.658000 790.249696
0.659000 790.763975
0.660000 803.599429
0.661000 810.770328
0.662000 812.615946
0.663000 796.359214
0.664000 796.823287
0.665000 803.387698
0.666000 807.064137
0.667000 797.088271
0.668000 799.327763
0.669000 791.704247
0.670000 795.439130
0.671000 790.916635
0.672000 794.790277
0.673000 789.830695
0.674000 794.443437
0.675000 798.175526
0.676000 797.716178
0.677000 798.445925
0.678000 805.112506
0.679000 812.326016
0.680000 806.606069
0.681000 805.786450
0.682000 803.858228
0.683000 798.217658
0.684000 792.117321
0.685000 791.854299
0.686000 798.285476
0.687000 800.721925
0.688000 806.024510
0.689000 802.152550
0.690000 801.299847
0.691000 794.915818
0.692000 796.153346
0.693000 795.659450
0.694000 799.382374
0.695000 803.212173
0.696000 796.787384
0.697000 803.676047
0.698000 816.555880
0.699000 814.061256
0.700000 810.981077
0.701000 818.776691
0.702000 822.985045
0.703000 822.037202
0.704000 824.063174
0.705000 824.843172
0.706000 825.314290
0.707000 829.041984
0.708000 829.456009
0.709000 828.415294
0.710000 824.287846
0.711000 821.446112
0.712000 818.749765
0.713000 819.216184
0.714000 809.188080
0.715000 802.103368
0.716000 794.912947
0.717000 793.254494
0.718000 801.080908
0.719000 804.023366
0.720000 802.567689
0.721000 796.960899
0.722000 794.461661
0.723000 797.190733
0.724000 798.444510
0.725000 800.831533
0.726000 803.836764
0.727000 800.940713
0.728000 806.058750
0.729000 813.010206
0.730000 810.603962
0.731000 810.524606
0.732000 802.655756
0.733000 804.724670
0.734000 796.222318
0.735000 794.359173
0.736000 795.727148
0.737000 795.053564
0.738000 802.101147
0.739000 800.841090
0.740000 797.374884
0.741000 792.010840
0.742000 789.252945
0.743000 793.342486
0.744000 794.485574
0.745000 801.716293
0.746000 798.374805
0.747000 803.006338
0.748000 799.845276
0.749000 794.459554
0.750000 795.862204
0.751000 795.698170
0.752000 793.510328
0.753000 799.373188
0.754000 808.044383
0.755000 800.580870
0.756000 791.959795
0.757000 788.312439
0.758000 791.872738
0.759000 798.482149
0.760000 793.225667
0.761000 792.491362
0.762000 785.350858
0.763000 781.254060
0.764000 776.436410
0.765000 780.005014
0.766000 766.604721
0.767000 770.818065
0.768000 767.479510
0.769000 762.203089
0.770000 768.178447
0.771000 771.873318
0.772000 768.074204
0.773000 770.148615
0.774000 780.224635
0.775000 775.820445
0.776000 775.674542
0.777000 777.019533
0.778000 775.908821
0.779000 782.109209
0.780000 778.446216
0.781000 786.673087
0.782000 783.258899
0.783000 779.958697
0.784000 784.546818
0.785000 795.580589
0.786000 806.474731
0.787000 808.626641
0.788000 806.360796
0.789000 811.681051
0.790000 813.783603
0.791000 801.296785
0.792000 797.394932
0.793000 798.655764
0.794000 801.856009
0.795000 802.934052
0.796000 805.309370
0.797000 806.231581
0.798000 803.251643
0.799000 797.011072
0.800000 801.049846
0.801000 788.199227
0.802000 793.246351
0.803000 804.306663
0.804000 802.250872
0.805000 799.572260
0.806000 803.495863
0.807000 794.996956
0.808000 795.153108
0.809000 800.755987
0.810000 806.970484
0.811000 806.433504
0.812000 809.571308
0.813000 813.203908
0.814000 807.238535
0.815000 802.597727
0.816000 807.839556
0.817000 804.795009
0.818000 804.716748
0.819000 802.829712
0.820000 802.754687
0.821000 804.566576
0.822000 810.196019
0.823000 813.713839
0.824000 812.840155
0.825000 815.173810
0.826000 824.051367
0.827000 822.192726
0.828000 818.700389
0.829000 826.461119
0.830000 815.666092
0.831000 814.844527
0.832000 807.841199
0.833000 813.345147
0.834000 808.969835
0.835000 813.805080
0.836000 812.914199
0.837000 807.355967
0.838000 805.968376
0.839000 797.836675
0.840000 798.907359
0.841000 807.078293
0.842000 807.439079
0.843000 798.529275
0.844000 804.099239
0.845000 806.876695
0.846000 807.326877
0.847000 816.764174
0.848000 809.372069
0.849000 807.443622
0.850000 805.925066
0.851000 803.739217
0.852000 803.158592
0.853000 802.806409
0.854000 807.069951
0.855000 798.002568
0.856000 796.926992
0.857000 796.789828
0.858000 804.664034
0.859000 804.713566
0.860000 801.945348
0.861000 811.038054
0.862000 805.774245
0.863000 800.476253
0.864000 801.412529
0.865000 803.904038
0.866000 796.454424
0.867000 791.510493
0.868000 799.808648
0.869000 802.998874
0.870000 805.841403
0.871000 806.703870
0.872000 802.304363
0.873000 792.324091
0.874000 795.523762
0.875000 787.253582
0.876000 779.748155
0.877000 789.057626
0.878000 789.086057
0.879000 784.256142
0.880000 783.207723
0.881000 782.491560
0.882000 786.355703
0.883000 794.122183
0.884000 786.565812
0.885000 784.467484
0.886000 782.871941
0.887000 788.525071
0.888000 786.366530
0.889000 781.825096
0.890000 783.130020
0.891000 780.273374
0.892000 780.775025
0.893000 777.591402
0.894000 777.172160
0.895000 768.834585
0.896000 769.407034
0.897000 770.957055
0.898000 768.879277
0.899000 766.655098
0.900000 754.080369
0.901000 754.668729
0.902000 753.366330
0.903000 747.653325
0.904000 757.331469
0.905000 760.611630
0.906000 764.819599
0.907000 760.728575
0.908000 761.698251
0.909000 761.418746
0.910000 757.379304
0.911000 756.716165
0.912000 753.035695
0.913000 759.211934
0.914000 757.443876
0.915000 763.277900
0.916000 759.740092
0.917000 761.632870
0.918000 764.403876
0.919000 772.139756
0.920000 781.837741
0.921000 788.808255
0.922000 784.316701
0.923000 791.559898
0.924000 792.518043
0.925000 787.741874
0.926000 777.594324
0.927000 783.791324
0.928000 789.011184
0.929000 788.700512
0.930000 794.077325
0.931000 799.470580
0.932000 805.159787
0.933000 809.197195
0.934000 806.658458
0.935000 807.790015
0.936000 808.694936
0.937000 803.579195
0.938000 806.735251
0.939000 810.220925
0.940000 804.600159
0.941000 803.215714
0.942000 801.386035
0.943000 802.579449
0.944000 803.913054
0.945000 813.751340
0.946000 816.375980
0.947000 808.393053
0.948000 802.798036
0.949000 798.383382
0.950000 800.985728
0.951000 796.346366
0.952000 795.645656
0.953000 793.014959
0.954000 791.368466
0.955000 799.084350
0.956000 799.696222
0.957000 798.382184
0.958000 799.610363
0.959000 793.710106
0.960000 787.338920
0.961000 784.156458
0.962000 785.856354
0.963000 785.970514
0.964000 787.155742
0.965000 789.039416
0.966000 790.434014
0.967000 788.647690
0.968000 782.491569
0.969000 788.383665
0.970000 785.584458
0.971000 786.739826
0.972000 794.698374
0.973000 795.511991
0.974000 787.205780
0.975000 785.352906
0.976000 784.674556
0.977000 795.339898
0.978000 793.880201
0.979000 782.215591
0.980000 775.594623
0.981000 777.987197
0.982000 774.005810
0.983000 775.891296
0.984000 775.941447
0.985000 773.641663
0.986000 774.005368
0.987000 774.779912
0.988000 771.356291
0.989000 775.554825
0.990000 778.782952
0.991000 777.328017
0.992000 783.314256
0.993000 782.381304
0.994000 776.729278
0.995000 777.945537
0.996000 775.919710
0.997000 778.873430
0.998000 782.320206
0.999000 784.358479
