0.000000 806.343930
0.001000 807.279249
0.002000 808.999964
0.003000 808.841807
0.004000 808.260245
0.005000 809.879555
0.006000 809.262773
0.007000 807.776068
0.008000 809.254970
0.009000 806.364662
0.010000 803.178195
0.011000 803.628810
0.012000 802.347169
0.013000 800.658191
0.014000 800.438344
0.015000 800.992478
0.016000 800.699159
0.017000 798.194144
0.018000 796.259598
0.019000 797.086291
0.020000 798.239332
0.021000 799.948085
0.022000 798.901445
0.023000 799.780328
0.024000 799.705157
0.025000 802.289610
0.026000 805.548918
0.027000 806.262581
0.028000 808.824989
0.029000 810.961202
0.030000 812.661629
0.031000 811.286909
0.032000 811.488304
0.033000 815.413172
0.034000 816.138446
0.035000 812.272689
0.036000 815.053639
0.037000 812.664301
0.038000 811.170770
0.039000 809.295605
0.040000 807.400176
0.041000 805.834594
0.042000 804.511988
0.043000 803.585251
0.044000 799.250404
0.045000 796.722767
0.046000 794.884256
0.047000 795.978626
0.048000 797.547621
0.049000 795.500913
0.050000 795.213992
0.051000 792.985252
0.052000 792.530034
0.053000 790.721992
0.054000 789.138633
0.055000 787.653354
0.056000 785.234822
0.057000 786.351142
0.058000 787.573595
0.059000 787.170964
0.060000 785.678267
0.061000 787.614839
0.062000 792.620248
0.063000 793.611739
0.064000 795.326380
0.065000 795.913153
0.066000 796.181343
0.067000 797.079120
0.068000 797.902692
0.069000 794.480923
0.070000 794.735593
0.071000 794.970681
0.072000 796.135207
0.073000 796.992228
0.074000 794.797240
0.075000 792.553504
0.076000 792.716096
0.077000 792.644595
0.078000 794.615204
0.079000 795.748671
0.080000 796.988873
0.081000 798.484192
0.082000 797.677954
0.083000 798.364527
0.084000 795.575318
0.085000 796.795162
0.086000 798.388089
0.087000 799.320550
0.088000 799.291171
0.089000 799.944034
0.090000 799.291749
0.091000 801.696497
0.092000 803.754951
0.093000 804.835369
0.094000 805.782669
0.095000 804.500250
0.096000 804.145763
0.097000 803.501831
0.098000 802.372211
0.099000 803.847081
0.100000 804.148440
0.101000 803.155836
0.102000 802.879777
0.103000 799.200233
0.104000 799.744893
0.105000 800.894511
0.106000 796.330507
0.107000 798.521443
0.108000 798.510209
0.109000 796.274366
0.110000 797.736470
0.111000 796.528459
0.112000 796.135046
0.113000 796.431815
0.114000 797.036679
0.115000 797.525219
0.116000 798.121155
0.117000 800.001032
0.118000 797.621488
0.119000 797.893464
0.120000 794.171947
0.121000 792.874753
0.122000 794.192637
0.123000 796.987026
0.124000 797.460453
0.125000 797.413941
0.126000 799.352641
0.127000 798.184998
0.128000 798.409192
0.129000 799.160743
0.130000 799.579264
0.131000 798.824722
0.132000 799.935615
0.133000 800.115163
0.134000 799.862437
0.135000 799.578646
0.136000 798.128475
0.137000 799.485713
0.138000 802.663776
0.139000 801.495249
0.140000 802.786622
0.141000 803.767668
0.142000 802.489339
0.143000 802.570478
0.144000 799.171965
0.145000 796.264685
0.146000 794.958364
0.147000 794.313376
0.148000 795.796266
0.149000 794.327150
0.150000 793.808797
0.151000 796.357900
0.152000 796.567882
0.153000 797.675909
0.154000 797.046070
0.155000 796.644849
0.156000 796.436204
0.157000 798.015264
0.158000 796.543236
0.159000 796.611924
0.160000 798.999426
0.161000 803.468583
0.162000 807.202436
0.163000 807.294580
0.164000 811.112447
0.165000 814.523400
0.166000 814.608729
0.167000 814.140326
0.168000 818.462181
0.169000 817.246905
0.170000 817.687304
0.171000 819.261811
0.172000 815.762885
0.173000 816.367534
0.174000 815.895826
0.175000 815.482010
0.176000 815.428519
0.177000 813.373970
0.178000 813.903264
0.179000 811.631384
0.180000 808.561000
0.181000 807.981473
0.182000 808.614308
0.183000 809.397328
0.184000 813.616177
0.185000 812.391194
0.186000 811.219496
0.187000 812.982906
0.188000 813.801025
0.189000 815.875672
0.190000 817.285306
0.191000 820.456825
0.192000 821.069972
0.193000 819.897313
0.194000 821.910904
0.195000 818.770452
0.196000 820.444830
0.197000 822.132082
0.198000 823.611302
0.199000 825.366369
0.200000 825.571870
0.201000 824.249747
0.202000 823.690662
0.203000 822.465692
0.204000 821.554561
0.205000 822.569514
0.206000 819.319972
0.207000 819.199012
0.208000 818.385894
0.209000 816.953571
0.210000 815.164561
0.211000 814.493051
0.212000 815.584125
0.213000 816.930628
0.214000 818.411338
0.215000 816.469151
0.216000 817.325718
0.217000 818.703106
0.218000 818.661085
0.219000 819.600991
0.220000 822.013881
0.221000 822.820251
0.222000 823.093722
0.223000 823.098432
0.224000 821.831185
0.225000 817.570560
0.226000 816.909778
0.227000 818.642023
0.228000 817.602621
0.229000 816.499130
0.230000 818.216130
0.231000 817.327247
0.232000 815.828045
0.233000 815.374038
0.234000 811.182739
0.235000 811.048627
0.236000 810.033188
0.237000 809.431684
0.238000 809.574710
0.239000 812.888857
0.240000 811.956630
0.241000 810.892638
0.242000 808.682045
0.243000 808.037169
0.244000 805.998463
0.245000 802.117106
0.246000 801.108273
0.247000 800.194792
0.248000 799.408029
0.249000 799.775944
0.250000 800.616823
0.251000 800.587073
0.252000 798.285912
0.253000 800.769716
0.254000 800.778691
0.255000 803.836051
0.256000 802.777923
0.257000 802.121406
0.258000 801.140555
0.259000 799.904921
0.260000 801.076722
0.261000 801.571281
0.262000 802.799836
0.263000 802.680799
0.264000 798.533068
0.265000 798.773590
0.266000 800.083764
0.267000 802.269257
0.268000 802.329465
0.269000 804.248437
0.270000 803.901352
0.271000 802.237179
0.272000 800.594775
0.273000 798.555508
0.274000 797.729691
0.275000 795.965557
0.276000 795.373616
0.277000 795.662639
0.278000 794.043834
0.279000 793.505472
0.280000 794.423858
0.281000 793.948289
0.282000 792.254015
0.283000 793.638101
0.284000 794.150016
0.285000 795.299106
0.286000 796.744733
0.287000 799.862096
0.288000 802.502513
0.289000 802.985856
0.290000 803.484609
0.291000 804.418296
0.292000 802.512914
0.293000 801.603941
0.294000 799.456266
0.295000 797.586105
0.296000 797.308326
0.297000 797.729066
0.298000 799.634143
0.299000 798.904513
0.300000 798.951785
0.301000 798.436447
0.302000 801.302944
0.303000 798.443677
0.304000 796.493450
0.305000 798.577333
0.306000 799.205159
0.307000 800.418703
0.308000 803.879313
0.309000 800.896868
0.310000 806.297155
0.311000 805.646748
0.312000 808.435711
0.313000 808.774530
0.314000 808.093952
0.315000 806.379356
0.316000 805.428145
0.317000 805.140399
0.318000 801.929727
0.319000 800.201923
0.320000 799.671841
0.321000 801.334215
0.322000 803.664529
0.323000 804.394913
0.324000 803.417460
0.325000 805.582649
0.326000 807.195278
0.327000 813.454122
0.328000 814.666459
0.329000 814.200586
0.330000 815.931238
0.331000 815.910797
0.332000 815.599064
0.333000 816.826084
0.334000 816.942538
0.335000 817.817251
0.336000 818.848809
0.337000 819.838402
0.338000 818.116893
0.339000 816.283513
0.340000 814.870782
0.341000 810.252023
0.342000 809.193000
0.343000 807.996689
0.344000 804.001527
0.345000 801.868236
0.346000 801.806151
0.347000 801.718995
0.348000 801.330547
0.349000 798.849060
0.350000 799.578161
0.351000 797.255026
0.352000 794.829638
0.353000 794.706612
0.354000 793.565242
0.355000 791.921123
0.356000 792.101128
0.357000 789.354021
0.358000 785.187429
0.359000 787.320736
0.360000 784.921131
0.361000 782.820819
0.362000 783.956944
0.363000 784.363136
0.364000 783.177387
0.365000 780.424009
0.366000 780.170329
0.367000 784.438699
0.368000 782.857917
0.369000 781.593054
0.370000 780.745034
0.371000 779.986222
0.372000 778.776390
0.373000 774.253922
0.374000 771.886789
0.375000 771.661106
0.376000 772.374302
0.377000 773.417879
0.378000 775.486761
0.379000 776.255400
0.380000 777.962665
0.381000 779.691937
0.382000 777.322919
0.383000 778.113848
0.384000 779.114870
0.385000 779.737194
0.386000 780.821183
0.387000 781.340315
0.388000 783.312070
0.389000 783.397241
0.390000 787.961810
0.391000 788.763315
0.392000 792.933342
0.393000 793.637450
0.394000 795.595922
0.395000 795.139775
0.396000 793.694873
0.397000 796.000475
0.398000 796.611160
0.399000 797.353924
0.400000 798.578690
0.401000 798.934044
0.402000 801.985635
0.403000 803.899656
0.404000 807.528965
0.405000 807.549980
0.406000 807.192889
0.407000 809.332360
0.408000 809.815559
0.409000 812.216597
0.410000 816.109960
0.411000 818.977098
0.412000 815.235831
0.413000 813.675967
0.414000 813.798834
0.415000 809.592681
0.416000 808.475257
0.417000 809.217883
0.418000 811.152914
0.419000 810.399729
0.420000 811.126735
0.421000 812.546746
0.422000 810.257982
0.423000 809.897450
0.424000 808.533933
0.425000 807.019565
0.426000 805.952942
0.427000 806.947363
0.428000 805.412503
0.429000 806.443006
0.430000 804.368954
0.431000 804.358806
0.432000 802.330701
0.433000 801.952564
0.434000 801.154098
0.435000 803.937812
0.436000 804.410651
0.437000 806.466685
0.438000 807.708461
0.439000 808.849527
0.440000 808.805717
0.441000 812.392910
0.442000 812.479744
0.443000 815.780097
0.444000 817.291581
0.445000 818.014331
0.446000 817.322144
0.447000 819.318569
0.448000 818.297107
0.449000 815.787487
0.450000 814.876702
0.451000 814.426664
0.452000 814.240866
0.453000 812.351601
0.454000 811.017135
0.455000 809.499207
0.456000 811.026730
0.457000 810.591243
0.458000 809.012803
0.459000 807.922432
0.460000 806.878769
0.461000 805.713045
0.462000 805.164259
0.463000 806.092633
0.464000 805.822492
0.465000 801.961754
0.466000 799.441941
0.467000 796.314204
0.468000 797.003289
0.469000 795.570661
0.470000 792.872566
0.471000 790.113787
0.472000 788.270669
0.473000 786.712014
0.474000 782.428695
0.475000 777.902726
0.476000 780.657858
0.477000 781.872518
0.478000 781.692609
0.479000 779.934276
0.480000 780.207534
0.481000 780.547651
0.482000 780.729109
0.483000 781.264658
0.484000 782.821950
0.485000 781.793062
0.486000 780.564410
0.487000 780.514213
0.488000 780.337231
0.489000 779.501429
0.490000 781.837075
0.491000 781.897446
0.492000 782.578622
0.493000 783.384551
0.494000 784.703524
0.495000 786.775458
0.496000 786.408959
0.497000 786.662581
0.498000 787.730914
0.499000 788.687731
0.500000 789.333066
0.501000 788.977256
0.502000 788.715904
0.503000 788.630289
0.504000 789.914564
0.505000 790.137456
0.506000 790.977768
0.507000 791.152598
0.508000 789.183342
0.509000 791.922791
0.510000 793.004906
0.511000 793.167565
0.512000 794.564806
0.513000 793.272489
0.514000 793.309645
0.515000 792.993422
0.516000 791.205098
0.517000 791.464622
0.518000 794.570188
0.519000 795.100137
0.520000 795.348301
0.521000 796.019053
0.522000 794.072263
0.523000 792.750003
0.524000 793.605388
0.525000 796.087597
0.526000 795.471475
0.527000 795.881074
0.528000 797.590985
0.529000 797.925020
0.530000 799.427258
0.531000 797.455815
0.532000 795.972009
0.533000 797.760533
0.534000 798.307101
0.535000 798.185071
0.536000 799.245531
0.537000 798.087257
0.538000 794.312852
0.539000 797.122132
0.540000 796.712782
0.541000 796.457929
0.542000 796.803391
0.543000 796.502130
0.544000 796.326340
0.545000 792.824325
0.546000 795.434636
0.547000 793.216853
0.548000 791.842604
0.549000 790.468105
0.550000 788.843825
0.551000 786.685513
0.552000 787.500525
0.553000 786.566408
0.554000 785.418901
0.555000 786.410817
0.556000 782.227049
0.557000 781.744515
0.558000 780.893322
0.559000 780.630680
0.560000 780.784785
0.561000 781.353439
0.562000 781.028170
0.563000 780.588897
0.564000 784.263034
0.565000 786.652049
0.566000 787.997141
0.567000 790.092520
0.568000 794.261145
0.569000 797.658225
0.570000 801.036038
0.571000 804.099148
0.572000 804.911702
0.573000 803.213458
0.574000 803.888328
0.575000 804.732552
0.576000 806.840470
0.577000 806.819780
0.578000 808.083665
0.579000 806.182663
0.580000 804.371284
0.581000 804.181272
0.582000 801.374592
0.583000 799.242542
0.584000 798.198514
0.585000 798.889097
0.586000 798.431593
0.587000 800.100127
0.588000 800.333320
0.589000 797.284764
0.590000 795.385882
0.591000 794.977185
0.592000 793.040478
0.593000 792.986734
0.594000 793.151920
0.595000 794.070569
0.596000 793.130581
0.597000 790.209586
0.598000 789.637931
0.599000 787.856098
0.600000 785.134620
0.601000 789.564276
0.602000 787.552610
0.603000 787.692012
0.604000 785.298750
0.605000 786.617075
0.606000 787.546080
0.607000 786.650732
0.608000 785.422594
0.609000 788.250488
0.610000 789.229043
0.611000 790.455718
0.612000 790.611549
0.613000 790.922108
0.614000 793.447033
0.615000 793.144323
0.616000 793.774272
0.617000 793.338097
0.618000 795.209152
0.619000 797.166317
0.620000 800.382801
0.621000 800.774389
0.622000 801.545325
0.623000 800.267131
0.624000 799.992280
0.625000 801.695902
0.626000 801.209701
0.627000 803.136546
0.628000 804.220978
0.629000 803.230895
0.630000 802.350112
0.631000 802.240670
0.632000 800.543526
0.633000 799.990586
0.634000 798.231803
0.635000 799.794947
0.636000 798.512596
0.637000 794.687751
0.638000 794.204962
0.639000 792.832107
0.640000 792.533759
0.641000 791.278799
0.642000 791.490655
0.643000 789.662081
0.644000 786.368339
0.645000 786.295396
0.646000 781.912791
0.647000 782.091963
0.648000 781.783959
0.649000 784.212868
0.650000 783.199497
0.651000 783.972106
0.652000 786.405837
0.653000 789.017872
0.654000 792.255547
0.655000 793.119761
0.656000 793.954073
0.657000 793.226189
0.658000 793.921656
0.659000 791.881610
0.660000 793.274145
0.661000 795.440200
0.662000 791.227343
0.663000 792.403822
0.664000 791.297779
0.665000 789.814347
0.666000 791.102162
0.667000 792.919721
0.668000 795.324281
0.669000 796.935064
0.670000 797.968038
0.671000 797.391157
0.672000 797.129781
0.673000 796.493795
0.674000 796.653374
0.675000 798.791879
0.676000 798.307744
0.677000 797.346060
0.678000 799.224397
0.679000 798.126449
0.680000 797.010732
0.681000 795.680350
0.682000 796.871811
0.683000 797.808976
0.684000 796.801321
0.685000 793.947794
0.686000 792.183058
0.687000 791.590454
0.688000 789.052935
0.689000 790.082276
0.690000 787.771178
0.691000 788.767014
0.692000 787.101966
0.693000 788.991008
0.694000 789.020953
0.695000 789.553447
0.696000 789.301521
0.697000 791.951599
0.698000 791.459999
0.699000 790.840468
0.700000 791.196442
0.701000 793.382390
0.702000 792.307484
0.703000 792.001730
0.704000 793.248787
0.705000 792.013807
0.706000 791.508818
0.707000 792.849848
0.708000 789.992386
0.709000 787.332336
0.710000 783.876854
0.711000 784.234633
0.712000 784.574394
0.713000 783.467267
0.714000 783.720592
0.715000 783.327454
0.716000 782.504521
0.717000 783.170406
0.718000 784.063959
0.719000 784.301675
0.720000 785.592087
0.721000 787.206142
0.722000 790.337114
0.723000 793.133040
0.724000 798.161284
0.725000 800.838144
0.726000 800.173534
0.727000 801.939263
0.728000 803.572675
0.729000 802.991378
0.730000 804.265364
0.731000 804.475305
0.732000 804.319377
0.733000 804.120981
0.734000 802.802581
0.735000 802.684570
0.736000 801.809867
0.737000 798.483407
0.738000 797.823209
0.739000 796.604669
0.740000 793.686788
0.741000 789.683644
0.742000 788.054064
0.743000 791.168400
0.744000 790.763698
0.745000 790.887563
0.746000 791.791588
0.747000 791.557533
0.748000 794.464426
0.749000 796.944836
0.750000 799.187441
0.751000 801.830124
0.752000 803.251467
0.753000 803.430324
0.754000 803.185714
0.755000 805.081561
0.756000 804.994707
0.757000 803.801158
0.758000 802.031127
0.759000 801.711364
0.760000 802.406875
0.761000 802.263430
0.762000 796.472093
0.763000 794.969008
0.764000 795.227402
0.765000 795.370285
0.766000 795.267658
0.767000 796.396684
0.768000 796.269687
0.769000 796.951616
0.770000 797.790535
0.771000 797.268625
0.772000 800.300842
0.773000 799.613109
0.774000 799.383877
0.775000 799.206120
0.776000 798.530296
0.777000 794.715136
0.778000 797.563748
0.779000 795.358924
0.780000 797.317148
0.781000 797.306747
0.782000 799.190388
0.783000 800.227024
0.784000 798.189364
0.785000 794.496403
0.786000 795.268001
0.787000 794.432301
0.788000 794.461725
0.789000 791.610006
0.790000 791.009177
0.791000 789.278669
0.792000 788.059533
0.793000 791.098470
0.794000 793.064757
0.795000 791.841239
0.796000 791.704304
0.797000 792.893709
0.798000 793.090955
0.799000 794.410161
0.800000 793.968187
0.801000 793.812207
0.802000 793.371545
0.803000 794.092499
0.804000 793.203218
0.805000 794.470360
0.806000 794.833303
0.807000 793.916599
0.808000 795.412843
0.809000 794.290481
0.810000 794.015955
0.811000 791.803011
0.812000 793.836560
0.813000 792.061003
0.814000 792.391821
0.815000 791.090894
0.816000 793.508766
0.817000 798.206823
0.818000 801.308094
0.819000 801.689201
0.820000 803.386449
0.821000 806.669352
0.822000 812.191174
0.823000 810.928625
0.824000 814.208224
0.825000 816.924154
0.826000 819.179794
0.827000 819.332098
0.828000 819.983345
0.829000 818.922868
0.830000 822.657841
0.831000 821.815859
0.832000 821.127334
0.833000 821.754010
0.834000 822.637229
0.835000 821.432465
0.836000 821.568679
0.837000 818.217215
0.838000 818.201748
0.839000 814.572353
0.840000 813.356383
0.841000 811.575819
0.842000 809.135734
0.843000 807.097365
0.844000 806.470725
0.845000 806.578962
0.846000 804.959771
0.847000 806.142035
0.848000 803.788201
0.849000 800.116006
0.850000 797.703365
0.851000 797.730711
0.852000 797.420826
0.853000 795.082634
0.854000 795.725439
0.855000 795.098733
0.856000 795.364570
0.857000 795.032263
0.858000 793.904445
0.859000 793.718480
0.860000 792.759973
0.861000 795.044917
0.862000 796.669770
0.863000 795.750155
0.864000 798.989665
0.865000 802.404007
0.866000 802.312069
0.867000 802.311440
0.868000 802.308282
0.869000 801.415890
0.870000 799.175565
0.871000 797.525113
0.872000 796.113944
0.873000 798.363046
0.874000 798.276631
0.875000 796.528676
0.876000 794.054203
0.877000 790.165922
0.878000 790.719710
0.879000 790.103162
0.880000 789.898532
0.881000 791.424321
0.882000 792.531272
0.883000 790.079570
0.884000 790.973479
0.885000 793.828413
0.886000 797.390421
0.887000 798.915073
0.888000 800.370267
0.889000 801.436263
0.890000 803.534797
0.891000 803.015418
0.892000 801.557389
0.893000 802.404993
0.894000 806.893196
0.895000 804.404909
0.896000 803.444566
0.897000 803.578370
0.898000 804.064359
0.899000 802.787317
0.900000 801.368575
0.901000 800.684377
0.902000 800.733567
0.903000 800.663289
0.904000 801.575933
0.905000 800.975807
0.906000 801.331971
0.907000 801.783215
0.908000 800.632179
0.909000 800.550665
0.910000 800.235847
0.911000 799.923393
0.912000 803.089250
0.913000 802.436544
0.914000 801.242119
0.915000 801.027280
0.916000 801.913172
0.917000 803.898518
0.918000 804.231106
0.919000 804.731437
0.920000 807.310225
0.921000 808.645671
0.922000 805.576799
0.923000 804.804972
0.924000 804.275841
0.925000 802.542267
0.926000 802.967720
0.927000 801.752211
0.928000 801.349447
0.929000 798.984782
0.930000 797.209834
0.931000 796.807351
0.932000 796.714175
0.933000 794.804770
0.934000 794.787156
0.935000 793.780743
0.936000 792.482252
0.937000 789.686676
0.938000 786.933664
0.939000 784.726421
0.940000 785.978820
0.941000 785.417023
0.942000 785.326461
0.943000 787.086920
0.944000 788.926388
0.945000 789.734133
0.946000 788.936339
0.947000 789.965483
0.948000 790.007321
0.949000 793.192851
0.950000 793.490121
0.951000 794.362698
0.952000 794.504090
0.953000 793.532291
0.954000 793.937092
0.955000 792.922825
0.956000 794.288586
0.957000 796.096617
0.958000 794.676540
0.959000 792.328904
0.960000 792.592422
0.961000 795.840600
0.962000 797.331863
0.963000 799.334316
0.964000 796.866100
0.965000 796.068371
0.966000 791.915239
0.967000 790.857854
0.968000 789.784332
0.969000 791.644049
0.970000 790.012695
0.971000 791.540500
0.972000 792.080411
0.973000 791.569965
0.974000 788.159988
0.975000 789.521754
0.976000 793.212299
0.977000 795.540155
0.978000 796.223972
0.979000 800.478215
0.980000 804.916823
0.981000 805.627634
0.982000 808.481228
0.983000 812.262244
0.984000 814.700046
0.985000 816.792006
0.986000 816.803550
0.987000 816.747814
0.988000 816.687683
0.989000 819.180450
0.990000 820.792112
0.991000 821.598307
0.992000 818.684679
0.993000 815.491942
0.994000 815.074471
0.995000 816.092941
0.996000 815.945544
0.997000 817.574327
0.998000 818.815209
0.999000 817.518504
