0.000000 806.343930
0.001000 807.254985
0.002000 808.063588
0.003000 808.684231
0.004000 809.053556
0.005000 809.137185
0.006000 808.932355
0.007000 808.465447
0.008000 807.784921
0.009000 806.951216
0.010000 806.026430
0.011000 805.067131
0.012000 804.121855
0.013000 803.232254
0.014000 802.435322
0.015000 801.764431
0.016000 801.248346
0.017000 800.908735
0.018000 800.757436
0.019000 800.794235
0.020000 801.006058
0.021000 801.368023
0.022000 801.846455
0.023000 802.403585
0.024000 803.002409
0.025000 803.610849
0.026000 804.203841
0.027000 804.762542
0.028000 805.271310
0.029000 805.714208
0.030000 806.072688
0.031000 806.325972
0.032000 806.454274
0.033000 806.442790
0.034000 806.284301
0.035000 805.979350
0.036000 805.533971
0.037000 804.956208
0.038000 804.253191
0.039000 803.429964
0.040000 802.490811
0.041000 801.443106
0.042000 800.302278
0.043000 799.095774
0.044000 797.864637
0.045000 796.661550
0.046000 795.545304
0.047000 794.573078
0.048000 793.792440
0.049000 793.235156
0.050000 792.914099
0.051000 792.824169
0.052000 792.946494
0.053000 793.254190
0.054000 793.717782
0.055000 794.308588
0.056000 794.999604
0.057000 795.764412
0.058000 796.574880
0.059000 797.398646
0.060000 798.197749
0.061000 798.929035
0.062000 799.546887
0.063000 800.007730
0.064000 800.275145
0.065000 800.324580
0.066000 800.146299
0.067000 799.746427
0.068000 799.146035
0.069000 798.378616
0.070000 797.486172
0.071000 796.514474
0.072000 795.508657
0.073000 794.509594
0.074000 793.551807
0.075000 792.663088
0.076000 791.865136
0.077000 791.174214
0.078000 790.601501
0.079000 790.152723
0.080000 789.827574
0.081000 789.619716
0.082000 789.517327
0.083000 789.504612
0.084000 789.563754
0.085000 789.676401
0.086000 789.824534
0.087000 789.990673
0.088000 790.157832
0.089000 790.310252
0.090000 790.435366
0.091000 790.526822
0.092000 790.587287
0.093000 790.629498
0.094000 790.674143
0.095000 790.744270
0.096000 790.857917
0.097000 791.021905
0.098000 791.229545
0.099000 791.463129
0.100000 791.700135
0.101000 791.920505
0.102000 792.112840
0.103000 792.278124
0.104000 792.430524
0.105000 792.595887
0.106000 792.808465
0.107000 793.106201
0.108000 793.524836
0.109000 794.091523
0.110000 794.819027
0.111000 795.702112
0.112000 796.717515
0.113000 797.827792
0.114000 798.987989
0.115000 800.152902
0.116000 801.282658
0.117000 802.345666
0.118000 803.319160
0.119000 804.188023
0.120000 804.943039
0.121000 805.579481
0.122000 806.096525
0.123000 806.497398
0.124000 806.789540
0.125000 806.984185
0.126000 807.095218
0.127000 807.136834
0.128000 807.120699
0.129000 807.054008
0.130000 806.939162
0.131000 806.775664
0.132000 806.562894
0.133000 806.301675
0.134000 805.993224
0.135000 805.635740
0.136000 805.221159
0.137000 804.734925
0.138000 804.159708
0.139000 803.481438
0.140000 802.695121
0.141000 801.808257
0.142000 800.840896
0.143000 799.822721
0.144000 798.788127
0.145000 797.770131
0.146000 796.794530
0.147000 795.876118
0.148000 795.017862
0.149000 794.213111
0.150000 793.450146
0.151000 792.717154
0.152000 792.006137
0.153000 791.315518
0.154000 790.650866
0.155000 790.024151
0.156000 789.451793
0.157000 788.951544
0.158000 788.538738
0.159000 788.222888
0.160000 788.006072
0.161000 787.883526
0.162000 787.846333
0.163000 787.884913
0.164000 787.991460
0.165000 788.160138
0.166000 788.384571
0.167000 788.653808
0.168000 788.948899
0.169000 789.242462
0.170000 789.501734
0.171000 789.693819
0.172000 789.791203
0.173000 789.775529
0.174000 789.639113
0.175000 789.384471
0.176000 789.023067
0.177000 788.574419
0.178000 788.065833
0.179000 787.532651
0.180000 787.018336
0.181000 786.573663
0.182000 786.254168
0.183000 786.115680
0.184000 786.207921
0.185000 786.567091
0.186000 787.208970
0.187000 788.124284
0.188000 789.278130
0.189000 790.614298
0.190000 792.063515
0.191000 793.553606
0.192000 795.019580
0.193000 796.411512
0.194000 797.699465
0.195000 798.875095
0.196000 799.950361
0.197000 800.953715
0.198000 801.923760
0.199000 802.901219
0.200000 803.919883
0.201000 804.997979
0.202000 806.131779
0.203000 807.292609
0.204000 808.428191
0.205000 809.467983
0.206000 810.331169
0.207000 810.935631
0.208000 811.205984
0.209000 811.079852
0.210000 810.512365
0.211000 809.479093
0.212000 807.978346
0.213000 806.032944
0.214000 803.690826
0.215000 801.024504
0.216000 798.128259
0.217000 795.112365
0.218000 792.095003
0.219000 789.192017
0.220000 786.506046
0.221000 784.116686
0.222000 782.073259
0.223000 780.391682
0.224000 779.056202
0.225000 778.025469
0.226000 777.241018
0.227000 776.636629
0.228000 776.146557
0.229000 775.711721
0.230000 775.284034
0.231000 774.829759
0.232000 774.332739
0.233000 773.797145
0.234000 773.248294
0.235000 772.729916
0.236000 772.297407
0.237000 772.008039
0.238000 771.911107
0.239000 772.040601
0.240000 772.411816
0.241000 773.021886
0.242000 773.852641
0.243000 774.873817
0.244000 776.045437
0.245000 777.319880
0.246000 778.644542
0.247000 779.965947
0.248000 781.234905
0.249000 782.411229
0.250000 783.467585
0.251000 784.391672
0.252000 785.186866
0.253000 785.872150
0.254000 786.481173
0.255000 787.060722
0.256000 787.667540
0.257000 788.362922
0.258000 789.205119
0.259000 790.239968
0.260000 791.492034
0.261000 792.958301
0.262000 794.606340
0.263000 796.377742
0.264000 798.195688
0.265000 799.974709
0.266000 801.630918
0.267000 803.091104
0.268000 804.299349
0.269000 805.220324
0.270000 805.838968
0.271000 806.157076
0.272000 806.188274
0.273000 805.953443
0.274000 805.477546
0.275000 804.788268
0.276000 803.915494
0.277000 802.890296
0.278000 801.744455
0.279000 800.511022
0.280000 799.225581
0.281000 797.927618
0.282000 796.660474
0.283000 795.469798
0.284000 794.401854
0.285000 793.502680
0.286000 792.817438
0.287000 792.387576
0.288000 792.243198
0.289000 792.391297
0.290000 792.806154
0.291000 793.429490
0.292000 794.182715
0.293000 794.984979
0.294000 795.767914
0.295000 796.482009
0.296000 797.094818
0.297000 797.584979
0.298000 797.935730
0.299000 798.130275
0.300000 798.150232
0.301000 797.977484
0.302000 797.598657
0.303000 797.010457
0.304000 796.224577
0.305000 795.270319
0.306000 794.194045
0.307000 793.055396
0.308000 791.921142
0.309000 790.858270
0.310000 789.927505
0.311000 789.178557
0.312000 788.647438
0.313000 788.355338
0.314000 788.308756
0.315000 788.500413
0.316000 788.910457
0.317000 789.508427
0.318000 790.255999
0.319000 791.110553
0.320000 792.029367
0.321000 792.973332
0.322000 793.909429
0.323000 794.811874
0.324000 795.661893
0.325000 796.447011
0.326000 797.160389
0.327000 797.799674
0.328000 798.365580
0.329000 798.860192
0.330000 799.285063
0.331000 799.639703
0.332000 799.920468
0.333000 800.119713
0.334000 800.225939
0.335000 800.224802
0.336000 800.100997
0.337000 799.841270
0.338000 799.437543
0.339000 798.889809
0.340000 798.208253
0.341000 797.414216
0.342000 796.539931
0.343000 795.627084
0.344000 794.724156
0.345000 793.882457
0.346000 793.151541
0.347000 792.574133
0.348000 792.181900
0.349000 791.992879
0.350000 792.010680
0.351000 792.225116
0.352000 792.613083
0.353000 793.139092
0.354000 793.755724
0.355000 794.405774
0.356000 795.027477
0.357000 795.562177
0.358000 795.962659
0.359000 796.200086
0.360000 796.267568
0.361000 796.179759
0.362000 795.969238
0.363000 795.680136
0.364000 795.359812
0.365000 795.050133
0.366000 794.779997
0.367000 794.560963
0.368000 794.387716
0.369000 794.243649
0.370000 794.109656
0.371000 793.972795
0.372000 793.830933
0.373000 793.691361
0.374000 793.564462
0.375000 793.456372
0.376000 793.365065
0.377000 793.281994
0.378000 793.198268
0.379000 793.112102
0.380000 793.034265
0.381000 792.989543
0.382000 793.013848
0.383000 793.147459
0.384000 793.426438
0.385000 793.874619
0.386000 794.497999
0.387000 795.282882
0.388000 796.197957
0.389000 797.199757
0.390000 798.239663
0.391000 799.270469
0.392000 800.251567
0.393000 801.152172
0.394000 801.953401
0.395000 802.649732
0.396000 803.249325
0.397000 803.772828
0.398000 804.250157
0.399000 804.715956
0.400000 805.204767
0.401000 805.746184
0.402000 806.360161
0.403000 807.052548
0.404000 807.811659
0.405000 808.606709
0.406000 809.388719
0.407000 810.094352
0.408000 810.652353
0.409000 810.991930
0.410000 811.052051
0.411000 810.790142
0.412000 810.188448
0.413000 809.256779
0.414000 808.030917
0.415000 806.567021
0.416000 804.933858
0.417000 803.204406
0.418000 801.448856
0.419000 799.730384
0.420000 798.103186
0.421000 796.612511
0.422000 795.295181
0.423000 794.179504
0.424000 793.284514
0.425000 792.618688
0.426000 792.179167
0.427000 791.951989
0.428000 791.913533
0.429000 792.033213
0.430000 792.276376
0.431000 792.606904
0.432000 792.989145
0.433000 793.389256
0.434000 793.776310
0.435000 794.123558
0.436000 794.409544
0.437000 794.618983
0.438000 794.743552
0.439000 794.782016
0.440000 794.739907
0.441000 794.628905
0.442000 794.465952
0.443000 794.272469
0.444000 794.074025
0.445000 793.900214
0.446000 793.784467
0.447000 793.762761
0.448000 793.870498
0.449000 794.137331
0.450000 794.580904
0.451000 795.201192
0.452000 795.977240
0.453000 796.868198
0.454000 797.818705
0.455000 798.767002
0.456000 799.654160
0.457000 800.432290
0.458000 801.070277
0.459000 801.556236
0.460000 801.896551
0.461000 802.111877
0.462000 802.230881
0.463000 802.283512
0.464000 802.294917
0.465000 802.281155
0.466000 802.247827
0.467000 802.191728
0.468000 802.105089
0.469000 801.981361
0.470000 801.820832
0.471000 801.634926
0.472000 801.448000
0.473000 801.295854
0.474000 801.221258
0.475000 801.267263
0.476000 801.470004
0.477000 801.852758
0.478000 802.422431
0.479000 803.169152
0.480000 804.068792
0.481000 805.087367
0.482000 806.185948
0.483000 807.324620
0.484000 808.464314
0.485000 809.566513
0.486000 810.591882
0.487000 811.498881
0.488000 812.244187
0.489000 812.785593
0.490000 813.086598
0.491000 813.121328
0.492000 812.877989
0.493000 812.360051
0.494000 811.585239
0.495000 810.583306
0.496000 809.393767
0.497000 808.064301
0.498000 806.649756
0.499000 805.211071
0.500000 803.813437
0.501000 802.522983
0.502000 801.401992
0.503000 800.503283
0.504000 799.864220
0.505000 799.501032
0.506000 799.404798
0.507000 799.540141
0.508000 799.847965
0.509000 800.252222
0.510000 800.669324
0.511000 801.018578
0.512000 801.231393
0.513000 801.258515
0.514000 801.074514
0.515000 800.679615
0.516000 800.099181
0.517000 799.380718
0.518000 798.588675
0.519000 797.797218
0.520000 797.081534
0.521000 796.508438
0.522000 796.127834
0.523000 795.966653
0.524000 796.026813
0.525000 796.287812
0.526000 796.712812
0.527000 797.256387
0.528000 797.871611
0.529000 798.514799
0.530000 799.147588
0.531000 799.737498
0.532000 800.258230
0.533000 800.690193
0.534000 801.021678
0.535000 801.250238
0.536000 801.383237
0.537000 801.437449
0.538000 801.437333
0.539000 801.412081
0.540000 801.391920
0.541000 801.403738
0.542000 801.467041
0.543000 801.590815
0.544000 801.771610
0.545000 801.993442
0.546000 802.229417
0.547000 802.444732
0.548000 802.600625
0.549000 802.658795
0.550000 802.585737
0.551000 802.356667
0.552000 801.958445
0.553000 801.391516
0.554000 800.670676
0.555000 799.824306
0.556000 798.892283
0.557000 797.922968
0.558000 796.969436
0.559000 796.085253
0.560000 795.320266
0.561000 794.716628
0.562000 794.305535
0.563000 794.105074
0.564000 794.118964
0.565000 794.336683
0.566000 794.735105
0.567000 795.281111
0.568000 795.935158
0.569000 796.655028
0.570000 797.399313
0.571000 798.129844
0.572000 798.812531
0.573000 799.416948
0.574000 799.915184
0.575000 800.281203
0.576000 800.491981
0.577000 800.530521
0.578000 800.390393
0.579000 800.080455
0.580000 799.627237
0.581000 799.073338
0.582000 798.471375
0.583000 797.875130
0.584000 797.330817
0.585000 796.871479
0.586000 796.515590
0.587000 796.268656
0.588000 796.125854
0.589000 796.074170
0.590000 796.093964
0.591000 796.160473
0.592000 796.245483
0.593000 796.319074
0.594000 796.351291
0.595000 796.313595
0.596000 796.179756
0.597000 795.926987
0.598000 795.538041
0.599000 795.004564
0.600000 794.331528
0.601000 793.541290
0.602000 792.675544
0.603000 791.793851
0.604000 790.968347
0.605000 790.275120
0.606000 789.783791
0.607000 789.547552
0.608000 789.596063
0.609000 789.933201
0.610000 790.540381
0.611000 791.384207
0.612000 792.426130
0.613000 793.630835
0.614000 794.970865
0.615000 796.426755
0.616000 797.982972
0.617000 799.622115
0.618000 801.319710
0.619000 803.041224
0.620000 804.742090
0.621000 806.370335
0.622000 807.870871
0.623000 809.190554
0.624000 810.283157
0.625000 811.113302
0.626000 811.658943
0.627000 811.912334
0.628000 811.878821
0.629000 811.574226
0.630000 811.021824
0.631000 810.249246
0.632000 809.286535
0.633000 808.165625
0.634000 806.921155
0.635000 805.591862
0.636000 804.222019
0.637000 802.862055
0.638000 801.567483
0.639000 800.396035
0.640000 799.402820
0.641000 798.634616
0.642000 798.124870
0.643000 797.890843
0.644000 797.933568
0.645000 798.240462
0.646000 798.789379
0.647000 799.552474
0.648000 800.498906
0.649000 801.596125
0.650000 802.810389
0.651000 804.107070
0.652000 805.451108
0.653000 806.807496
0.654000 808.141510
0.655000 809.418718
0.656000 810.604978
0.657000 811.666589
0.658000 812.571126
0.659000 813.289417
0.660000 813.798172
0.661000 814.082850
0.662000 814.140361
0.663000 813.980480
0.664000 813.625261
0.665000 813.105942
0.666000 812.457550
0.667000 811.712270
0.668000 810.893302
0.669000 810.011221
0.670000 809.064490
0.671000 808.043948
0.672000 806.939543
0.673000 805.747319
0.674000 804.474887
0.675000 803.144464
0.676000 801.793315
0.677000 800.471675
0.678000 799.238337
0.679000 798.154618
0.680000 797.277161
0.681000 796.650771
0.682000 796.302655
0.683000 796.239114
0.684000 796.445450
0.685000 796.888835
0.686000 797.523357
0.687000 798.296639
0.688000 799.156889
0.689000 800.059345
0.690000 800.970979
0.691000 801.872781
0.692000 802.759250
0.693000 803.635183
0.694000 804.510878
0.695000 805.397016
0.696000 806.300446
0.697000 807.221678
0.698000 808.154378
0.699000 809.086488
0.700000 810.002590
0.701000 810.886845
0.702000 811.725987
0.703000 812.512078
0.704000 813.244177
0.705000 813.928068
0.706000 814.574034
0.707000 815.192821
0.708000 815.790507
0.709000 816.363592
0.710000 816.895759
0.711000 817.357310
0.712000 817.707592
0.713000 817.900022
0.714000 817.888505
0.715000 817.634247
0.716000 817.111631
0.717000 816.312283
0.718000 815.246709
0.719000 813.943289
0.720000 812.445333
0.721000 810.806850
0.722000 809.087861
0.723000 807.349883
0.724000 805.651846
0.725000 804.046201
0.726000 802.575152
0.727000 801.266878
0.728000 800.132496
0.729000 799.164718
0.730000 798.339000
0.731000 797.617785
0.732000 796.956761
0.733000 796.311453
0.734000 795.643044
0.735000 794.922347
0.736000 794.132050
0.737000 793.268179
0.738000 792.341271
0.739000 791.377427
0.740000 790.418461
0.741000 789.520224
0.742000 788.747869
0.743000 788.167417
0.744000 787.834779
0.745000 787.784298
0.746000 788.019590
0.747000 788.509751
0.748000 789.192507
0.749000 789.983869
0.750000 790.791714
0.751000 791.529739
0.752000 792.128578
0.753000 792.542460
0.754000 792.750872
0.755000 792.756032
0.756000 792.577666
0.757000 792.246844
0.758000 791.800381
0.759000 791.276485
0.760000 790.712082
0.761000 790.141252
0.762000 789.593992
0.763000 789.094836
0.764000 788.660879
0.765000 788.299927
0.766000 788.009647
0.767000 787.778461
0.768000 787.588793
0.769000 787.422195
0.770000 787.265183
0.771000 787.113622
0.772000 786.974307
0.773000 786.862875
0.774000 786.798322
0.775000 786.796037
0.776000 786.861580
0.777000 786.987258
0.778000 787.152684
0.779000 787.329091
0.780000 787.486176
0.781000 787.599738
0.782000 787.658498
0.783000 787.668696
0.784000 787.654828
0.785000 787.656390
0.786000 787.721172
0.787000 787.895972
0.788000 788.216982
0.789000 788.701449
0.790000 789.342323
0.791000 790.107532
0.792000 790.943755
0.793000 791.783639
0.794000 792.554413
0.795000 793.186361
0.796000 793.619618
0.797000 793.808500
0.798000 793.723580
0.799000 793.351557
0.800000 792.693544
0.801000 791.762419
0.802000 790.579447
0.803000 789.171144
0.804000 787.567054
0.805000 785.798906
0.806000 783.901186
0.807000 781.912864
0.808000 779.879213
0.809000 777.852522
0.810000 775.891461
0.811000 774.058846
0.812000 772.418086
0.813000 771.028687
0.814000 769.941729
0.815000 769.195591
0.816000 768.812584
0.817000 768.797133
0.818000 769.135594
0.819000 769.797435
0.820000 770.737771
0.821000 771.901471
0.822000 773.228641
0.823000 774.661294
0.824000 776.150263
0.825000 777.660676
0.826000 779.174420
0.827000 780.688281
0.828000 782.207924
0.829000 783.739711
0.830000 785.284132
0.831000 786.833938
0.832000 788.377181
0.833000 789.902884
0.834000 791.406153
0.835000 792.891033
0.836000 794.370618
0.837000 795.864933
0.838000 797.397501
0.839000 798.990816
0.840000 800.661112
0.841000 802.413272
0.842000 804.236910
0.843000 806.104341
0.844000 807.971207
0.845000 809.779816
0.846000 811.464120
0.847000 812.955827
0.848000 814.190677
0.849000 815.114059
0.850000 815.685782
0.851000 815.884258
0.852000 815.709896
0.853000 815.187188
0.854000 814.364730
0.855000 813.311994
0.856000 812.111898
0.857000 810.849292
0.858000 809.598128
0.859000 808.411588
0.860000 807.318556
0.861000 806.326983
0.862000 805.431120
0.863000 804.618425
0.864000 803.873658
0.865000 803.180568
0.866000 802.522896
0.867000 801.886137
0.868000 801.260521
0.869000 800.643833
0.870000 800.042904
0.871000 799.473078
0.872000 798.955584
0.873000 798.513761
0.874000 798.169340
0.875000 797.940360
0.876000 797.841270
0.877000 797.884409
0.878000 798.080941
0.879000 798.438530
0.880000 798.955077
0.881000 799.611616
0.882000 800.369824
0.883000 801.177948
0.884000 801.983180
0.885000 802.744118
0.886000 803.437427
0.887000 804.056614
0.888000 804.604738
0.889000 805.084932
0.890000 805.493192
0.891000 805.816594
0.892000 806.037262
0.893000 806.139890
0.894000 806.118926
0.895000 805.982308
0.896000 805.750670
0.897000 805.452256
0.898000 805.115750
0.899000 804.763405
0.900000 804.406122
0.901000 804.042123
0.902000 803.659855
0.903000 803.244036
0.904000 802.782964
0.905000 802.274417
0.906000 801.727803
0.907000 801.162514
0.908000 800.603126
0.909000 800.073267
0.910000 799.590568
0.911000 799.163503
0.912000 798.790231
0.913000 798.458806
0.914000 798.148659
0.915000 797.832869
0.916000 797.481284
0.917000 797.064644
0.918000 796.559152
0.919000 795.951011
0.920000 795.239650
0.921000 794.438737
0.922000 793.574569
0.923000 792.681863
0.924000 791.798245
0.925000 790.959453
0.926000 790.197245
0.927000 789.540615
0.928000 789.019112
0.929000 788.665593
0.930000 788.515854
0.931000 788.603895
0.932000 788.954455
0.933000 789.576795
0.934000 790.462730
0.935000 791.589789
0.936000 792.927431
0.937000 794.442658
0.938000 796.102095
0.939000 797.869581
0.940000 799.702062
0.941000 801.547430
0.942000 803.346703
0.943000 805.041031
0.944000 806.581132
0.945000 807.935410
0.946000 809.094631
0.947000 810.073207
0.948000 810.907146
0.949000 811.649364
0.950000 812.362655
0.951000 813.110447
0.952000 813.946552
0.953000 814.905801
0.954000 815.997990
0.955000 817.206837
0.956000 818.494386
0.957000 819.809028
0.958000 821.093261
0.959000 822.287958
0.960000 823.332552
0.961000 824.163535
0.962000 824.715729
0.963000 824.928568
0.964000 824.755832
0.965000 824.174816
0.966000 823.191200
0.967000 821.838545
0.968000 820.173332
0.969000 818.267525
0.970000 816.201028
0.971000 814.055685
0.972000 811.911379
0.973000 809.843698
0.974000 807.921752
0.975000 806.205107
0.976000 804.740460
0.977000 803.559034
0.978000 802.675225
0.979000 802.086596
0.980000 801.773956
0.981000 801.701707
0.982000 801.819272
0.983000 802.064348
0.984000 802.368333
0.985000 802.663112
0.986000 802.887324
0.987000 802.990463
0.988000 802.934587
0.989000 802.694038
0.990000 802.254438
0.991000 801.612247
0.992000 800.775399
0.993000 799.764682
0.994000 798.615120
0.995000 797.376717
0.996000 796.113769
0.997000 794.902481
0.998000 793.826438
0.999000 792.969849
