0.000000 806.343930
0.001000 807.278525
0.002000 808.110337
0.003000 808.752808
0.004000 809.141406
0.005000 809.240573
0.006000 809.046506
0.007000 808.584777
0.008000 807.903339
0.009000 807.062446
0.010000 806.124308
0.011000 805.145851
0.012000 804.176164
0.013000 803.257595
0.014000 802.427937
0.015000 801.721437
0.016000 801.167773
0.017000 800.789522
0.018000 800.599385
0.019000 800.597917
0.020000 800.772678
0.021000 801.099251
0.022000 801.544237
0.023000 802.069956
0.024000 802.639326
0.025000 803.220053
0.026000 803.786752
0.027000 804.320189
0.028000 804.804287
0.029000 805.222639
0.030000 805.556203
0.031000 805.783674
0.032000 805.884730
0.033000 805.844039
0.034000 805.653894
0.035000 805.314423
0.036000 804.831333
0.037000 804.212444
0.038000 803.464759
0.039000 802.593273
0.040000 801.602310
0.041000 800.499338
0.042000 799.299947
0.043000 798.031846
0.044000 796.736453
0.045000 795.466985
0.046000 794.282925
0.047000 793.242310
0.048000 792.393701
0.049000 791.769915
0.050000 791.384874
0.051000 791.234446
0.052000 791.300572
0.053000 791.556958
0.054000 791.974508
0.055000 792.524718
0.056000 793.180601
0.057000 793.915630
0.058000 794.701506
0.059000 795.505645
0.060000 796.289786
0.061000 797.010389
0.062000 797.621318
0.063000 798.078317
0.064000 798.344135
0.065000 798.393276
0.066000 798.215022
0.067000 797.814541
0.068000 797.212075
0.069000 796.440470
0.070000 795.541306
0.071000 794.560187
0.072000 793.542312
0.073000 792.528828
0.074000 791.554706
0.075000 790.648306
0.076000 789.831989
0.077000 789.122738
0.078000 788.532518
0.079000 788.067887
0.080000 787.729380
0.081000 787.511487
0.082000 787.403119
0.083000 787.389062
0.084000 787.451924
0.085000 787.573624
0.086000 787.736265
0.087000 787.922367
0.088000 788.114861
0.089000 788.297780
0.090000 788.458196
0.091000 788.589209
0.092000 788.692805
0.093000 788.781039
0.094000 788.874090
0.095000 788.994812
0.096000 789.161487
0.097000 789.381488
0.098000 789.648794
0.099000 789.946217
0.100000 790.251338
0.101000 790.543791
0.102000 790.811469
0.103000 791.054390
0.104000 791.285700
0.105000 791.530317
0.106000 791.821806
0.107000 792.197873
0.108000 792.694588
0.109000 793.340058
0.110000 794.148540
0.111000 795.116584
0.112000 796.222590
0.113000 797.430258
0.114000 798.695057
0.115000 799.971415
0.116000 801.218417
0.117000 802.402999
0.118000 803.500716
0.119000 804.494749
0.120000 805.374266
0.121000 806.133094
0.122000 806.769173
0.123000 807.284683
0.124000 807.686274
0.125000 807.984661
0.126000 808.193494
0.127000 808.327087
0.128000 808.397551
0.129000 808.412734
0.130000 808.375732
0.131000 808.286590
0.132000 808.144998
0.133000 807.951875
0.134000 807.708375
0.135000 807.412555
0.136000 807.056117
0.137000 806.624152
0.138000 806.098877
0.139000 805.465715
0.140000 804.719263
0.141000 803.866801
0.142000 802.928457
0.143000 801.934343
0.144000 800.919580
0.145000 799.918152
0.146000 798.956955
0.147000 798.051852
0.148000 797.206708
0.149000 796.415560
0.150000 795.667145
0.151000 794.949891
0.152000 794.255976
0.153000 793.583941
0.154000 792.939497
0.155000 792.334843
0.156000 791.786701
0.157000 791.313168
0.158000 790.929906
0.159000 790.646715
0.160000 790.465880
0.161000 790.382723
0.162000 790.388306
0.163000 790.472994
0.164000 790.628937
0.165000 790.850357
0.166000 791.131043
0.167000 791.460313
0.168000 791.819525
0.169000 792.181521
0.170000 792.513601
0.171000 792.782671
0.172000 792.960806
0.173000 793.029057
0.174000 792.978918
0.175000 792.812039
0.176000 792.539074
0.177000 792.178849
0.178000 791.758255
0.179000 791.312568
0.180000 790.885616
0.181000 790.528919
0.182000 790.299106
0.183000 790.253383
0.184000 790.442997
0.185000 790.905664
0.186000 791.658462
0.187000 792.692979
0.188000 793.974604
0.189000 795.446802
0.190000 797.039363
0.191000 798.678654
0.192000 800.297831
0.193000 801.844923
0.194000 803.287938
0.195000 804.616718
0.196000 805.841958
0.197000 806.991533
0.198000 808.104263
0.199000 809.221791
0.200000 810.379179
0.201000 811.595787
0.202000 812.868425
0.203000 814.168053
0.204000 815.440969
0.205000 816.614333
0.206000 817.604499
0.207000 818.326293
0.208000 818.701360
0.209000 818.664717
0.210000 818.169408
0.211000 817.189616
0.212000 815.723180
0.213000 813.793470
0.214000 811.450076
0.215000 808.768254
0.216000 805.845797
0.217000 802.796989
0.218000 799.743911
0.219000 796.805701
0.220000 794.087383
0.221000 791.669729
0.222000 789.602179
0.223000 787.900026
0.224000 786.546597
0.225000 785.499710
0.226000 784.700470
0.227000 784.082658
0.228000 783.580894
0.229000 783.136741
0.230000 782.703040
0.231000 782.247489
0.232000 781.756157
0.233000 781.236403
0.234000 780.717509
0.235000 780.247365
0.236000 779.884918
0.237000 779.689655
0.238000 779.711388
0.239000 779.982981
0.240000 780.517226
0.241000 781.307708
0.242000 782.332020
0.243000 783.555239
0.244000 784.932582
0.245000 786.411925
0.246000 787.937045
0.247000 789.452148
0.248000 790.907034
0.249000 792.261731
0.250000 793.490035
0.251000 794.581224
0.252000 795.540584
0.253000 796.389109
0.254000 797.162669
0.255000 797.910624
0.256000 798.692324
0.257000 799.571397
0.258000 800.607703
0.259000 801.847515
0.260000 803.314348
0.261000 805.002704
0.262000 806.876705
0.263000 808.874089
0.264000 810.914226
0.265000 812.908175
0.266000 814.769103
0.267000 816.421549
0.268000 817.808011
0.269000 818.892062
0.270000 819.657737
0.271000 820.105927
0.272000 820.249435
0.273000 820.108591
0.274000 819.708462
0.275000 819.077597
0.276000 818.247190
0.277000 817.250022
0.278000 816.119951
0.279000 814.892642
0.280000 813.606910
0.281000 812.305725
0.282000 811.035489
0.283000 809.844209
0.284000 808.780154
0.285000 807.891484
0.286000 807.225778
0.287000 806.826801
0.288000 806.725763
0.289000 806.928474
0.290000 807.405752
0.291000 808.094717
0.292000 808.912595
0.293000 809.775499
0.294000 810.613035
0.295000 811.373862
0.296000 812.023374
0.297000 812.537847
0.298000 812.898312
0.299000 813.086609
0.300000 813.084636
0.301000 812.876772
0.302000 812.454487
0.303000 811.821431
0.304000 810.997643
0.305000 810.021038
0.306000 808.945440
0.307000 807.835600
0.308000 806.760157
0.309000 805.784327
0.310000 804.963735
0.311000 804.340596
0.312000 803.942072
0.313000 803.780318
0.314000 803.853670
0.315000 804.148112
0.316000 804.639114
0.317000 805.294023
0.318000 806.074812
0.319000 806.941628
0.320000 807.856590
0.321000 808.786552
0.322000 809.704425
0.323000 810.589034
0.324000 811.424214
0.325000 812.197965
0.326000 812.901634
0.327000 813.529284
0.328000 814.076890
0.329000 814.541283
0.330000 814.919133
0.331000 815.206025
0.332000 815.395618
0.333000 815.479132
0.334000 815.445368
0.335000 815.281444
0.336000 814.974868
0.337000 814.516393
0.338000 813.903034
0.339000 813.140742
0.340000 812.246078
0.341000 811.246807
0.342000 810.181357
0.343000 809.096801
0.344000 808.045428
0.345000 807.080268
0.346000 806.249911
0.347000 805.593472
0.348000 805.137171
0.349000 804.893193
0.350000 804.860168
0.351000 805.023962
0.352000 805.357695
0.353000 805.820913
0.354000 806.359810
0.355000 806.910818
0.356000 807.408035
0.357000 807.792985
0.358000 808.023772
0.359000 808.081191
0.360000 807.970494
0.361000 807.718823
0.362000 807.368995
0.363000 806.970436
0.364000 806.568697
0.365000 806.196011
0.366000 805.865763
0.367000 805.572869
0.368000 805.300351
0.369000 805.029728
0.370000 804.751032
0.371000 804.468105
0.372000 804.196332
0.373000 803.954361
0.374000 803.753998
0.375000 803.593637
0.376000 803.458606
0.377000 803.327491
0.378000 803.181485
0.379000 803.012880
0.380000 802.830380
0.381000 802.659970
0.382000 802.540699
0.383000 802.516513
0.384000 802.625786
0.385000 802.891336
0.386000 803.314057
0.387000 803.872096
0.388000 804.525857
0.389000 805.226895
0.390000 805.927639
0.391000 806.588913
0.392000 807.183596
0.393000 807.697112
0.394000 808.126480
0.395000 808.479518
0.396000 808.774083
0.397000 809.036423
0.398000 809.298531
0.399000 809.594307
0.400000 809.954983
0.401000 810.403789
0.402000 810.950295
0.403000 811.585789
0.404000 812.280629
0.405000 812.984656
0.406000 813.631420
0.407000 814.146050
0.408000 814.455224
0.409000 814.497120
0.410000 814.229555
0.411000 813.634671
0.412000 812.719924
0.413000 811.515582
0.414000 810.069658
0.415000 808.442171
0.416000 806.699459
0.417000 804.909256
0.418000 803.137396
0.419000 801.445655
0.420000 799.890150
0.421000 798.519690
0.422000 797.373429
0.423000 796.477964
0.424000 795.844441
0.425000 795.466858
0.426000 795.322497
0.427000 795.374958
0.428000 795.579206
0.429000 795.887030
0.430000 796.251729
0.431000 796.631022
0.432000 796.988172
0.433000 797.292146
0.434000 797.517621
0.435000 797.645449
0.436000 797.663434
0.437000 797.566796
0.438000 797.357940
0.439000 797.045454
0.440000 796.642409
0.441000 796.164243
0.442000 795.627070
0.443000 795.047375
0.444000 794.443060
0.445000 793.835340
0.446000 793.250371
0.447000 792.719079
0.448000 792.274431
0.449000 791.946658
0.450000 791.757707
0.451000 791.716476
0.452000 791.816185
0.453000 792.034732
0.454000 792.338022
0.455000 792.685731
0.456000 793.038052
0.457000 793.361817
0.458000 793.634344
0.459000 793.844167
0.460000 793.988936
0.461000 794.071331
0.462000 794.094584
0.463000 794.059176
0.464000 793.961629
0.465000 793.795558
0.466000 793.554914
0.467000 793.238736
0.468000 792.855914
0.469000 792.428250
0.470000 791.991103
0.471000 791.591098
0.472000 791.280950
0.473000 791.112633
0.474000 791.130108
0.475000 791.363354
0.476000 791.824711
0.477000 792.507729
0.478000 793.388766
0.479000 794.430401
0.480000 795.585947
0.481000 796.804113
0.482000 798.032958
0.483000 799.223034
0.484000 800.329295
0.485000 801.312188
0.486000 802.138102
0.487000 802.779671
0.488000 803.216060
0.489000 803.433003
0.490000 803.422909
0.491000 803.184534
0.492000 802.722618
0.493000 802.047692
0.494000 801.176171
0.495000 800.131031
0.496000 798.943156
0.497000 797.653232
0.498000 796.312983
0.499000 794.984355
0.500000 793.735583
0.501000 792.633703
0.502000 791.734532
0.503000 791.072560
0.504000 790.654020
0.505000 790.455265
0.506000 790.426663
0.507000 790.501122
0.508000 790.604572
0.509000 790.666096
0.510000 790.626272
0.511000 790.442722
0.512000 790.093056
0.513000 789.575694
0.514000 788.909140
0.515000 788.129883
0.516000 787.289419
0.517000 786.450520
0.518000 785.682260
0.519000 785.054219
0.520000 784.630345
0.521000 784.462840
0.522000 784.586546
0.523000 785.014463
0.524000 785.735083
0.525000 786.711943
0.526000 787.885766
0.527000 789.179566
0.528000 790.506229
0.529000 791.777253
0.530000 792.911212
0.531000 793.840619
0.532000 794.517051
0.533000 794.914164
0.534000 795.028939
0.535000 794.881363
0.536000 794.511894
0.537000 793.976631
0.538000 793.339989
0.539000 792.665887
0.540000 792.009121
0.541000 791.408617
0.542000 790.884065
0.543000 790.436428
0.544000 790.051914
0.545000 789.708394
0.546000 789.382813
0.547000 789.057834
0.548000 788.726046
0.549000 788.390470
0.550000 788.060874
0.551000 787.747062
0.552000 787.452089
0.553000 787.168805
0.554000 786.882046
0.555000 786.575623
0.556000 786.240549
0.557000 785.880978
0.558000 785.515602
0.559000 785.174329
0.560000 784.891896
0.561000 784.700315
0.562000 784.621723
0.563000 784.663326
0.564000 784.815218
0.565000 785.051214
0.566000 785.332496
0.567000 785.612773
0.568000 785.844153
0.569000 785.982916
0.570000 785.994661
0.571000 785.859161
0.572000 785.575018
0.573000 785.163608
0.574000 784.671034
0.575000 784.165489
0.576000 783.727340
0.577000 783.431787
0.578000 783.328951
0.579000 783.429966
0.580000 783.705900
0.581000 784.099144
0.582000 784.540541
0.583000 784.964577
0.584000 785.318522
0.585000 785.565237
0.586000 785.681719
0.587000 785.655596
0.588000 785.481438
0.589000 785.158345
0.590000 784.689331
0.591000 784.082415
0.592000 783.352125
0.593000 782.520538
0.594000 781.616750
0.595000 780.674811
0.596000 779.730469
0.597000 778.817481
0.598000 777.964802
0.599000 777.195185
0.600000 776.525616
0.601000 775.969128
0.602000 775.537175
0.603000 775.241690
0.604000 775.096047
0.605000 775.114660
0.606000 775.311528
0.607000 775.698313
0.608000 776.282642
0.609000 777.066916
0.610000 778.047416
0.611000 779.213628
0.612000 780.547756
0.613000 782.024807
0.614000 783.613356
0.615000 785.277306
0.616000 786.978641
0.617000 788.681183
0.618000 790.354882
0.619000 791.979674
0.620000 793.548328
0.621000 795.067119
0.622000 796.553684
0.623000 798.032052
0.624000 799.525545
0.625000 801.049121
0.626000 802.603320
0.627000 804.171256
0.628000 805.719862
0.629000 807.204817
0.630000 808.577676
0.631000 809.793656
0.632000 810.818745
0.633000 811.635423
0.634000 812.245675
0.635000 812.670984
0.636000 812.949027
0.637000 813.127202
0.638000 813.254590
0.639000 813.374450
0.640000 813.519048
0.641000 813.707721
0.642000 813.947935
0.643000 814.237962
0.644000 814.570270
0.645000 814.935377
0.646000 815.325682
0.647000 815.739204
0.648000 816.182669
0.649000 816.672685
0.650000 817.234609
0.651000 817.898835
0.652000 818.694936
0.653000 819.645109
0.654000 820.758695
0.655000 822.028844
0.656000 823.431476
0.657000 824.926636
0.658000 826.461518
0.659000 827.974318
0.660000 829.398344
0.661000 830.666334
0.662000 831.714605
0.663000 832.486849
0.664000 832.937867
0.665000 833.037034
0.666000 832.771498
0.667000 832.149067
0.668000 831.199997
0.669000 829.976700
0.670000 828.550664
0.671000 827.005796
0.672000 825.429037
0.673000 823.900484
0.674000 822.485425
0.675000 821.230099
0.676000 820.161333
0.677000 819.288938
0.678000 818.608445
0.679000 818.103367
0.680000 817.747210
0.681000 817.505496
0.682000 817.338443
0.683000 817.204167
0.684000 817.061994
0.685000 816.875142
0.686000 816.611938
0.687000 816.245843
0.688000 815.755317
0.689000 815.124194
0.690000 814.343393
0.691000 813.414237
0.692000 812.352215
0.693000 811.189347
0.694000 809.972780
0.695000 808.758424
0.696000 807.600492
0.697000 806.539943
0.698000 805.596320
0.699000 804.766147
0.700000 804.028866
0.701000 803.358764
0.702000 802.739379
0.703000 802.176199
0.704000 801.702807
0.705000 801.375949
0.706000 801.258938
0.707000 801.399427
0.708000 801.812088
0.709000 802.474402
0.710000 803.335100
0.711000 804.327798
0.712000 805.382800
0.713000 806.434682
0.714000 807.426416
0.715000 808.311544
0.716000 809.055068
0.717000 809.633731
0.718000 810.036028
0.719000 810.261889
0.720000 810.322290
0.721000 810.238498
0.722000 810.040524
0.723000 809.764323
0.724000 809.447429
0.725000 809.123252
0.726000 808.815240
0.727000 808.532274
0.728000 808.267404
0.729000 808.000302
0.730000 807.702527
0.731000 807.344110
0.732000 806.899292
0.733000 806.350300
0.734000 805.688962
0.735000 804.916776
0.736000 804.043788
0.737000 803.086814
0.738000 802.067329
0.739000 801.009364
0.740000 799.937909
0.741000 798.877894
0.742000 797.853817
0.743000 796.889146
0.744000 796.004618
0.745000 795.214661
0.746000 794.522732
0.747000 793.917626
0.748000 793.372264
0.749000 792.846426
0.750000 792.293459
0.751000 791.669517
0.752000 790.943220
0.753000 790.103963
0.754000 789.166927
0.755000 788.172896
0.756000 787.181882
0.757000 786.260827
0.758000 785.468182
0.759000 784.840278
0.760000 784.384610
0.761000 784.082161
0.762000 783.896731
0.763000 783.786561
0.764000 783.714344
0.765000 783.653363
0.766000 783.589405
0.767000 783.519514
0.768000 783.448334
0.769000 783.384518
0.770000 783.339392
0.771000 783.328398
0.772000 783.374716
0.773000 783.512808
0.774000 783.789229
0.775000 784.259395
0.776000 784.979835
0.777000 785.997848
0.778000 787.341383
0.779000 789.011691
0.780000 790.981224
0.781000 793.197062
0.782000 795.588535
0.783000 798.076662
0.784000 800.583086
0.785000 803.036985
0.786000 805.379590
0.787000 807.566369
0.788000 809.567483
0.789000 811.366679
0.790000 812.958661
0.791000 814.345584
0.792000 815.533391
0.793000 816.528766
0.794000 817.337029
0.795000 817.961215
0.796000 818.402233
0.797000 818.659691
0.798000 818.733436
0.799000 818.625330
0.800000 818.340580
0.801000 817.888727
0.802000 817.283724
0.803000 816.543197
0.804000 815.687190
0.805000 814.736733
0.806000 813.713074
0.807000 812.637801
0.808000 811.533823
0.809000 810.426763
0.810000 809.345674
0.811000 808.322077
0.812000 807.386983
0.813000 806.566287
0.814000 805.875908
0.815000 805.318520
0.816000 804.882798
0.817000 804.545351
0.818000 804.275026
0.819000 804.038140
0.820000 803.803617
0.821000 803.547320
0.822000 803.254392
0.823000 802.919378
0.824000 802.544410
0.825000 802.135972
0.826000 801.701496
0.827000 801.247036
0.828000 800.776752
0.829000 800.294239
0.830000 799.805232
0.831000 799.320499
0.832000 798.857630
0.833000 798.440675
0.834000 798.097234
0.835000 797.853319
0.836000 797.727336
0.837000 797.725216
0.838000 797.838485
0.839000 798.046009
0.840000 798.319034
0.841000 798.627905
0.842000 798.948167
0.843000 799.264360
0.844000 799.570777
0.845000 799.869654
0.846000 800.167951
0.847000 800.473761
0.848000 800.793193
0.849000 801.127938
0.850000 801.473441
0.851000 801.818168
0.852000 802.144033
0.853000 802.428030
0.854000 802.645344
0.855000 802.773051
0.856000 802.793819
0.857000 802.698953
0.858000 802.490402
0.859000 802.181469
0.860000 801.795913
0.861000 801.365655
0.862000 800.927004
0.863000 800.515861
0.864000 800.162548
0.865000 799.887223
0.866000 799.696878
0.867000 799.584681
0.868000 799.531914
0.869000 799.512182
0.870000 799.497201
0.871000 799.462810
0.872000 799.394227
0.873000 799.289587
0.874000 799.160757
0.875000 799.031420
0.876000 798.932627
0.877000 798.896582
0.878000 798.950220
0.879000 799.109752
0.880000 799.377135
0.881000 799.738902
0.882000 800.167002
0.883000 800.621292
0.884000 801.053079
0.885000 801.409407
0.886000 801.638051
0.887000 801.692909
0.888000 801.539396
0.889000 801.159441
0.890000 800.555048
0.891000 799.749498
0.892000 798.785769
0.893000 797.721688
0.894000 796.622243
0.895000 795.550103
0.896000 794.555890
0.897000 793.670290
0.898000 792.900269
0.899000 792.230252
0.900000 791.627756
0.901000 791.051426
0.902000 790.458963
0.903000 789.813769
0.904000 789.089338
0.905000 788.271564
0.906000 787.359683
0.907000 786.365777
0.908000 785.312600
0.909000 784.230299
0.910000 783.152492
0.911000 782.111946
0.912000 781.136791
0.913000 780.247500
0.914000 779.454697
0.915000 778.757927
0.916000 778.145968
0.917000 777.599211
0.918000 777.094246
0.919000 776.610756
0.920000 776.139493
0.921000 775.689064
0.922000 775.289096
0.923000 774.988228
0.924000 774.846014
0.925000 774.919905
0.926000 775.251089
0.927000 775.853593
0.928000 776.710285
0.929000 777.776920
0.930000 778.992256
0.931000 780.290231
0.932000 781.610870
0.933000 782.907574
0.934000 784.150241
0.935000 785.325048
0.936000 786.432012
0.937000 787.481778
0.938000 788.492608
0.939000 789.487972
0.940000 790.494373
0.941000 791.538647
0.942000 792.643910
0.943000 793.824398
0.944000 795.080109
0.945000 796.393047
0.946000 797.727278
0.947000 799.033549
0.948000 800.257949
0.949000 801.352572
0.950000 802.285209
0.951000 803.044483
0.952000 803.637937
0.953000 804.083785
0.954000 804.399630
0.955000 804.593627
0.956000 804.662331
0.957000 804.594784
0.958000 804.379696
0.959000 804.012154
0.960000 803.497570
0.961000 802.852838
0.962000 802.105238
0.963000 801.289642
0.964000 800.444638
0.965000 799.607503
0.966000 798.808654
0.967000 798.066539
0.968000 797.384110
0.969000 796.748556
0.970000 796.134672
0.971000 795.511270
0.972000 794.849000
0.973000 794.127125
0.974000 793.337516
0.975000 792.484999
0.976000 791.584757
0.977000 790.657812
0.978000 789.726196
0.979000 788.809405
0.980000 787.922676
0.981000 787.077501
0.982000 786.283249
0.983000 785.549719
0.984000 784.889663
0.985000 784.320072
0.986000 783.861836
0.987000 783.537391
0.988000 783.366784
0.989000 783.363234
0.990000 783.529992
0.991000 783.859686
0.992000 784.336359
0.993000 784.939465
0.994000 785.648080
0.995000 786.444722
0.996000 787.318262
0.997000 788.265276
0.998000 789.289952
0.999000 790.402546
