0.000000 806.343930
0.001000 806.793966
0.002000 807.121428
0.003000 807.255691
0.004000 807.151353
0.005000 806.792889
0.006000 806.195082
0.007000 805.398657
0.008000 804.461941
0.009000 803.450271
0.010000 802.425923
0.011000 801.441647
0.012000 800.539010
0.013000 799.750247
0.014000 799.101012
0.015000 798.611890
0.016000 798.297893
0.017000 798.166547
0.018000 798.215953
0.019000 798.433350
0.020000 798.795073
0.021000 799.268251
0.022000 799.814162
0.023000 800.392927
0.024000 800.968104
0.025000 801.510333
0.026000 801.998830
0.027000 802.420148
0.028000 802.764917
0.029000 803.024302
0.030000 803.187705
0.031000 803.243088
0.032000 803.179928
0.033000 802.992755
0.034000 802.683230
0.035000 802.259893
0.036000 801.735659
0.037000 801.124314
0.038000 800.437730
0.039000 799.684869
0.040000 798.873166
0.041000 798.012127
0.042000 797.117842
0.043000 796.216288
0.044000 795.344264
0.045000 794.547093
0.046000 793.873105
0.047000 793.366438
0.048000 793.059947
0.049000 792.970141
0.050000 793.095239
0.051000 793.417038
0.052000 793.905748
0.053000 794.526050
0.054000 795.242558
0.055000 796.023040
0.056000 796.839152
0.057000 797.665259
0.058000 798.476105
0.059000 799.244346
0.060000 799.939260
0.061000 800.527160
0.062000 800.973951
0.063000 801.249270
0.064000 801.331000
0.065000 801.209214
0.066000 800.888188
0.067000 800.386500
0.068000 799.735311
0.069000 798.975235
0.070000 798.152065
0.071000 797.312032
0.072000 796.497689
0.073000 795.744785
0.074000 795.080730
0.075000 794.524730
0.076000 794.088957
0.077000 793.779629
0.078000 793.597776
0.079000 793.539287
0.080000 793.594761
0.081000 793.749925
0.082000 793.986465
0.083000 794.283734
0.084000 794.620807
0.085000 794.977906
0.086000 795.337190
0.087000 795.682757
0.088000 796.000407
0.089000 796.278114
0.090000 796.507658
0.091000 796.687196
0.092000 796.823465
0.093000 796.932284
0.094000 797.036019
0.095000 797.157857
0.096000 797.314702
0.097000 797.511609
0.098000 797.740249
0.099000 797.982175
0.100000 798.215471
0.101000 798.421946
0.102000 798.592868
0.103000 798.731929
0.104000 798.855127
0.105000 798.988477
0.106000 799.164201
0.107000 799.415782
0.108000 799.772300
0.109000 800.252686
0.110000 800.860939
0.111000 801.583688
0.112000 802.391302
0.113000 803.242678
0.114000 804.092407
0.115000 804.897986
0.116000 805.624927
0.117000 806.249084
0.118000 806.756388
0.119000 807.141015
0.120000 807.403116
0.121000 807.547000
0.122000 807.580260
0.123000 807.513576
0.124000 807.360642
0.125000 807.137575
0.126000 806.861750
0.127000 806.549650
0.128000 806.214290
0.129000 805.863731
0.130000 805.501190
0.131000 805.126967
0.132000 804.740976
0.133000 804.343868
0.134000 803.935627
0.135000 803.512424
0.136000 803.064275
0.137000 802.575877
0.138000 802.031007
0.139000 801.418516
0.140000 800.737280
0.141000 799.998414
0.142000 799.224195
0.143000 798.444328
0.144000 797.690659
0.145000 796.991316
0.146000 796.365537
0.147000 795.820882
0.148000 795.353531
0.149000 794.951308
0.150000 794.598568
0.151000 794.280994
0.152000 793.989064
0.153000 793.719901
0.154000 793.477452
0.155000 793.271378
0.156000 793.114921
0.157000 793.021837
0.158000 793.002914
0.159000 793.063121
0.160000 793.200500
0.161000 793.407144
0.162000 793.672019
0.163000 793.984299
0.164000 794.335395
0.165000 794.718665
0.166000 795.126592
0.167000 795.547131
0.168000 795.961089
0.169000 796.342601
0.170000 796.662891
0.171000 796.895591
0.172000 797.021792
0.173000 797.032816
0.174000 796.930650
0.175000 796.726664
0.176000 796.439658
0.177000 796.094475
0.178000 795.721421
0.179000 795.356150
0.180000 795.039473
0.181000 794.816295
0.182000 794.732967
0.183000 794.832846
0.184000 795.150271
0.185000 795.703963
0.186000 796.491404
0.187000 797.486008
0.188000 798.638539
0.189000 799.883280
0.190000 801.147524
0.191000 802.362043
0.192000 803.470586
0.193000 804.436323
0.194000 805.244792
0.195000 805.903379
0.196000 806.438108
0.197000 806.888272
0.198000 807.299139
0.199000 807.713649
0.200000 808.163928
0.201000 808.663965
0.202000 809.205041
0.203000 809.754814
0.204000 810.260568
0.205000 810.656000
0.206000 810.869987
0.207000 810.835584
0.208000 810.497311
0.209000 809.816196
0.210000 808.772791
0.211000 807.368546
0.212000 805.626409
0.213000 803.590751
0.214000 801.326307
0.215000 798.915895
0.216000 796.456078
0.217000 794.050592
0.218000 791.802087
0.219000 789.802755
0.220000 788.125285
0.221000 786.815595
0.222000 785.888646
0.223000 785.328361
0.224000 785.091691
0.225000 785.116208
0.226000 785.329175
0.227000 785.656559
0.228000 786.030601
0.229000 786.394948
0.230000 786.707812
0.231000 786.944051
0.232000 787.096886
0.233000 787.179005
0.234000 787.221778
0.235000 787.271426
0.236000 787.381897
0.237000 787.605727
0.238000 787.985401
0.239000 788.547357
0.240000 789.299609
0.241000 790.232419
0.242000 791.320882
0.243000 792.527787
0.244000 793.806327
0.245000 795.103513
0.246000 796.364608
0.247000 797.538597
0.248000 798.583847
0.249000 799.472593
0.250000 800.193485
0.251000 800.751882
0.252000 801.168638
0.253000 801.478053
0.254000 801.725476
0.255000 801.964400
0.256000 802.252233
0.257000 802.644491
0.258000 803.187224
0.259000 803.908855
0.260000 804.813449
0.261000 805.877340
0.262000 807.050772
0.263000 808.264421
0.264000 809.438942
0.265000 810.495380
0.266000 811.364780
0.267000 811.995442
0.268000 812.356805
0.269000 812.439579
0.270000 812.252425
0.271000 811.816744
0.272000 811.161202
0.273000 810.317790
0.274000 809.320238
0.275000 808.203918
0.276000 807.005599
0.277000 805.762242
0.278000 804.509562
0.279000 803.281446
0.280000 802.109902
0.281000 801.025128
0.282000 800.055031
0.283000 799.224528
0.284000 798.555998
0.285000 798.070770
0.286000 797.789952
0.287000 797.731650
0.288000 797.902714
0.289000 798.287885
0.290000 798.843765
0.291000 799.503991
0.292000 800.194178
0.293000 800.848301
0.294000 801.418788
0.295000 801.877535
0.296000 802.210706
0.297000 802.411563
0.298000 802.474602
0.299000 802.392663
0.300000 802.157455
0.301000 801.762821
0.302000 801.209390
0.303000 800.509340
0.304000 799.689265
0.305000 798.790378
0.306000 797.865624
0.307000 796.974185
0.308000 796.174923
0.309000 795.520098
0.310000 795.050750
0.311000 794.794123
0.312000 794.763317
0.313000 794.958028
0.314000 795.365441
0.315000 795.961505
0.316000 796.712453
0.317000 797.576942
0.318000 798.509265
0.319000 799.463507
0.320000 800.397727
0.321000 801.277180
0.322000 802.075753
0.323000 802.775714
0.324000 803.366470
0.325000 803.843278
0.326000 804.206160
0.327000 804.459031
0.328000 804.608720
0.329000 804.663574
0.330000 804.632034
0.331000 804.521195
0.332000 804.335718
0.333000 804.077228
0.334000 803.744256
0.335000 803.333209
0.336000 802.840122
0.337000 802.262757
0.338000 801.602923
0.339000 800.868447
0.340000 800.074478
0.341000 799.243884
0.342000 798.406918
0.343000 797.600122
0.344000 796.864207
0.345000 796.241246
0.346000 795.771172
0.347000 795.487905
0.348000 795.415730
0.349000 795.565505
0.350000 795.931289
0.351000 796.487904
0.352000 797.190245
0.353000 797.976176
0.354000 798.773684
0.355000 799.511418
0.356000 800.129290
0.357000 800.586463
0.358000 800.865462
0.359000 800.972102
0.360000 800.932173
0.361000 800.785777
0.362000 800.580116
0.363000 800.361384
0.364000 800.166684
0.365000 800.017498
0.366000 799.916606
0.367000 799.849763
0.368000 799.792087
0.369000 799.717642
0.370000 799.608919
0.371000 799.462275
0.372000 799.287284
0.373000 799.100788
0.374000 798.918838
0.375000 798.751056
0.376000 798.600317
0.377000 798.467083
0.378000 798.355258
0.379000 798.275905
0.380000 798.246788
0.381000 798.288123
0.382000 798.416479
0.383000 798.639415
0.384000 798.953036
0.385000 799.343141
0.386000 799.788708
0.387000 800.266491
0.388000 800.755713
0.389000 801.242042
0.390000 801.720373
0.391000 802.194939
0.392000 802.675886
0.393000 803.173467
0.394000 803.692132
0.395000 804.227351
0.396000 804.767451
0.397000 805.299899
0.398000 805.818686
0.399000 806.328910
0.400000 806.846404
0.401000 807.392157
0.402000 807.983308
0.403000 808.623662
0.404000 809.296559
0.405000 809.962454
0.406000 810.562261
0.407000 811.025654
0.408000 811.282660
0.409000 811.275780
0.410000 810.969302
0.411000 810.353709
0.412000 809.444653
0.413000 808.277028
0.414000 806.896912
0.415000 805.354529
0.416000 803.700358
0.417000 801.985032
0.418000 800.261276
0.419000 798.585500
0.420000 797.017208
0.421000 795.615517
0.422000 794.433336
0.423000 793.510626
0.424000 792.868473
0.425000 792.505673
0.426000 792.399133
0.427000 792.508133
0.428000 792.781390
0.429000 793.164947
0.430000 793.608851
0.431000 794.071384
0.432000 794.520773
0.433000 794.935008
0.434000 795.300537
0.435000 795.610954
0.436000 795.866298
0.437000 796.072703
0.438000 796.241948
0.439000 796.390351
0.440000 796.536947
0.441000 796.701298
0.442000 796.901623
0.443000 797.153756
0.444000 797.470881
0.445000 797.863892
0.446000 798.341733
0.447000 798.911342
0.448000 799.576848
0.449000 800.337541
0.450000 801.184677
0.451000 802.098084
0.452000 803.044349
0.453000 803.978361
0.454000 804.848240
0.455000 805.602531
0.456000 806.197697
0.457000 806.604071
0.458000 806.809105
0.459000 806.817640
0.460000 806.649897
0.461000 806.337502
0.462000 805.918606
0.463000 805.433079
0.464000 804.918248
0.465000 804.405921
0.466000 803.921151
0.467000 803.482504
0.468000 803.103066
0.469000 802.791553
0.470000 802.552767
0.471000 802.387613
0.472000 802.293282
0.473000 802.263941
0.474000 802.292227
0.475000 802.370636
0.476000 802.492232
0.477000 802.650969
0.478000 802.841467
0.479000 803.058248
0.480000 803.294990
0.481000 803.543510
0.482000 803.792500
0.483000 804.026695
0.484000 804.226854
0.485000 804.370442
0.486000 804.433136
0.487000 804.391107
0.488000 804.223841
0.489000 803.917771
0.490000 803.470574
0.491000 802.895469
0.492000 802.223965
0.493000 801.505117
0.494000 800.799587
0.495000 800.168624
0.496000 799.660852
0.497000 799.301563
0.498000 799.089187
0.499000 799.000339
0.500000 799.000559
0.501000 799.055663
0.502000 799.139489
0.503000 799.236572
0.504000 799.340733
0.505000 799.451485
0.506000 799.570064
0.507000 799.695680
0.508000 799.822322
0.509000 799.937244
0.510000 800.021697
0.511000 800.054139
0.512000 800.015316
0.513000 799.893583
0.514000 799.688551
0.515000 799.412317
0.516000 799.088339
0.517000 798.748901
0.518000 798.432100
0.519000 798.178359
0.520000 798.026018
0.521000 798.005668
0.522000 798.133789
0.523000 798.407627
0.524000 798.803681
0.525000 799.280780
0.526000 799.787193
0.527000 800.269779
0.528000 800.682554
0.529000 800.992735
0.530000 801.183275
0.531000 801.251768
0.532000 801.206786
0.533000 801.063146
0.534000 800.837463
0.535000 800.545108
0.536000 800.198961
0.537000 799.809532
0.538000 799.386065
0.539000 798.938080
0.540000 798.476346
0.541000 798.013184
0.542000 797.562271
0.543000 797.138356
0.544000 796.757101
0.545000 796.435573
0.546000 796.193554
0.547000 796.054876
0.548000 796.048294
0.549000 796.206968
0.550000 796.565501
0.551000 797.154094
0.552000 797.990767
0.553000 799.073470
0.554000 800.374756
0.555000 801.841221
0.556000 803.398475
0.557000 804.960270
0.558000 806.439039
0.559000 807.755495
0.560000 808.845197
0.561000 809.661623
0.562000 810.176299
0.563000 810.377052
0.564000 810.265527
0.565000 809.854869
0.566000 809.168190
0.567000 808.237461
0.568000 807.102589
0.569000 805.810308
0.570000 804.412338
0.571000 802.962512
0.572000 801.512745
0.573000 800.108423
0.574000 798.784307
0.575000 797.562251
0.576000 796.451323
0.577000 795.450066
0.578000 794.550062
0.579000 793.739529
0.580000 793.006322
0.581000 792.340415
0.582000 791.735874
0.583000 791.192152
0.584000 790.714393
0.585000 790.312236
0.586000 789.996991
0.587000 789.777606
0.588000 789.656881
0.589000 789.629524
0.590000 789.682521
0.591000 789.797806
0.592000 789.956163
0.593000 790.140881
0.594000 790.339982
0.595000 790.546687
0.596000 790.758474
0.597000 790.975522
0.598000 791.198714
0.599000 791.427699
0.600000 791.659768
0.601000 791.889643
0.602000 792.110394
0.603000 792.315347
0.604000 792.500711
0.605000 792.668545
0.606000 792.828971
0.607000 793.000879
0.608000 793.210355
0.609000 793.486592
0.610000 793.855860
0.611000 794.335264
0.612000 794.927897
0.613000 795.620955
0.614000 796.386903
0.615000 797.187043
0.616000 797.976893
0.617000 798.712023
0.618000 799.354070
0.619000 799.876177
0.620000 800.267177
0.621000 800.534136
0.622000 800.702415
0.623000 800.813024
0.624000 800.917361
0.625000 801.069695
0.626000 801.319045
0.627000 801.701892
0.628000 802.237483
0.629000 802.926239
0.630000 803.750628
0.631000 804.678023
0.632000 805.665184
0.633000 806.664330
0.634000 807.630644
0.635000 808.529874
0.636000 809.343921
0.637000 810.072480
0.638000 810.729730
0.639000 811.336867
0.640000 811.912864
0.641000 812.466526
0.642000 812.992024
0.643000 813.468770
0.644000 813.865117
0.645000 814.144346
0.646000 814.271286
0.647000 814.218221
0.648000 813.968833
0.649000 813.519839
0.650000 812.880882
0.651000 812.073280
0.652000 811.128436
0.653000 810.086344
0.654000 808.993770
0.655000 807.901361
0.656000 806.858809
0.657000 805.908164
0.658000 805.076381
0.659000 804.369481
0.660000 803.771187
0.661000 803.247583
0.662000 802.756851
0.663000 802.260515
0.664000 801.732185
0.665000 801.161619
0.666000 800.554436
0.667000 799.929345
0.668000 799.314943
0.669000 798.747031
0.670000 798.265824
0.671000 797.911885
0.672000 797.720318
0.673000 797.713870
0.674000 797.896696
0.675000 798.251224
0.676000 798.739680
0.677000 799.310077
0.678000 799.905263
0.679000 800.472343
0.680000 800.970336
0.681000 801.374827
0.682000 801.679040
0.683000 801.891818
0.684000 802.033368
0.685000 802.129343
0.686000 802.204466
0.687000 802.277039
0.688000 802.355220
0.689000 802.436099
0.690000 802.507810
0.691000 802.554053
0.692000 802.559464
0.693000 802.514244
0.694000 802.416704
0.695000 802.273260
0.696000 802.096711
0.697000 801.903566
0.698000 801.711591
0.699000 801.537839
0.700000 801.396727
0.701000 801.298220
0.702000 801.245735
0.703000 801.234462
0.704000 801.250987
0.705000 801.274767
0.706000 801.281583
0.707000 801.248287
0.708000 801.157739
0.709000 801.002552
0.710000 800.786461
0.711000 800.523092
0.712000 800.232756
0.713000 799.938403
0.714000 799.661737
0.715000 799.420179
0.716000 799.224942
0.717000 799.080167
0.718000 798.982922
0.719000 798.923629
0.720000 798.886793
0.721000 798.851947
0.722000 798.795188
0.723000 798.691448
0.724000 798.517720
0.725000 798.256616
0.726000 797.899457
0.727000 797.448321
0.728000 796.916170
0.729000 796.325210
0.730000 795.703962
0.731000 795.083679
0.732000 794.494945
0.733000 793.965068
0.734000 793.516480
0.735000 793.165938
0.736000 792.924235
0.737000 792.796200
0.738000 792.780771
0.739000 792.871472
0.740000 793.058102
0.741000 793.329489
0.742000 793.676624
0.743000 794.095179
0.744000 794.585773
0.745000 795.151563
0.746000 795.793842
0.747000 796.506999
0.748000 797.274822
0.749000 798.069781
0.750000 798.855791
0.751000 799.593588
0.752000 800.247140
0.753000 800.789343
0.754000 801.205546
0.755000 801.494078
0.756000 801.664024
0.757000 801.731110
0.758000 801.713229
0.759000 801.627151
0.760000 801.486738
0.761000 801.302892
0.762000 801.084332
0.763000 800.838254
0.764000 800.570401
0.765000 800.284658
0.766000 799.982750
0.767000 799.664605
0.768000 799.329768
0.769000 798.979800
0.770000 798.621126
0.771000 798.266912
0.772000 797.936757
0.773000 797.653040
0.774000 797.434184
0.775000 797.287168
0.776000 797.202618
0.777000 797.155433
0.778000 797.110587
0.779000 797.031079
0.780000 796.884963
0.781000 796.650158
0.782000 796.317299
0.783000 795.891590
0.784000 795.394270
0.785000 794.863473
0.786000 794.353383
0.787000 793.930563
0.788000 793.666800
0.789000 793.628823
0.790000 793.867523
0.791000 794.409708
0.792000 795.254384
0.793000 796.373313
0.794000 797.714542
0.795000 799.208038
0.796000 800.773088
0.797000 802.327010
0.798000 803.793569
0.799000 805.108918
0.800000 806.224504
0.801000 807.107412
0.802000 807.739008
0.803000 808.113527
0.804000 808.237301
0.805000 808.128593
0.806000 807.817260
0.807000 807.343393
0.808000 806.754521
0.809000 806.101461
0.810000 805.433413
0.811000 804.793098
0.812000 804.212689
0.813000 803.711034
0.814000 803.292441
0.815000 802.947838
0.816000 802.658229
0.817000 802.399181
0.818000 802.144978
0.819000 801.871290
0.820000 801.555840
0.821000 801.177808
0.822000 800.717128
0.823000 800.154891
0.824000 799.474965
0.825000 798.666442
0.826000 797.726150
0.827000 796.660255
0.828000 795.484760
0.829000 794.224935
0.830000 792.913861
0.831000 791.590405
0.832000 790.297228
0.833000 789.078887
0.834000 787.979949
0.835000 787.043110
0.836000 786.306982
0.837000 785.803193
0.838000 785.552850
0.839000 785.562856
0.840000 785.823101
0.841000 786.306112
0.842000 786.970529
0.843000 787.767862
0.844000 788.650092
0.845000 789.575607
0.846000 790.511820
0.847000 791.434652
0.848000 792.326244
0.849000 793.172540
0.850000 793.961740
0.851000 794.683935
0.852000 795.331825
0.853000 795.901770
0.854000 796.394400
0.855000 796.814100
0.856000 797.167009
0.857000 797.457923
0.858000 797.687388
0.859000 797.850678
0.860000 797.939368
0.861000 797.944704
0.862000 797.861201
0.863000 797.688983
0.864000 797.434338
0.865000 797.109154
0.866000 796.730691
0.867000 796.321779
0.868000 795.910447
0.869000 795.527426
0.870000 795.201116
0.871000 794.952552
0.872000 794.794628
0.873000 794.736677
0.874000 794.790851
0.875000 794.975464
0.876000 795.312637
0.877000 795.821577
0.878000 796.510726
0.879000 797.372335
0.880000 798.381041
0.881000 799.495736
0.882000 800.663842
0.883000 801.826588
0.884000 802.924677
0.885000 803.904118
0.886000 804.721279
0.887000 805.346551
0.888000 805.766171
0.889000 805.981752
0.890000 806.007597
0.891000 805.866415
0.892000 805.584445
0.893000 805.186958
0.894000 804.694850
0.895000 804.122798
0.896000 803.479169
0.897000 802.767358
0.898000 801.988307
0.899000 801.143650
0.900000 800.238866
0.901000 799.285788
0.902000 798.304027
0.903000 797.321411
0.904000 796.373828
0.905000 795.504043
0.906000 794.759571
0.907000 794.189833
0.908000 793.841507
0.909000 793.752323
0.910000 793.944526
0.911000 794.419464
0.912000 795.154991
0.913000 796.106815
0.914000 797.213508
0.915000 798.403798
0.916000 799.604780
0.917000 800.749890
0.918000 801.785202
0.919000 802.672901
0.920000 803.391829
0.921000 803.936072
0.922000 804.312580
0.923000 804.538765
0.924000 804.640640
0.925000 804.651089
0.926000 804.607461
0.927000 804.547848
0.928000 804.506383
0.929000 804.508735
0.930000 804.569352
0.931000 804.692072
0.932000 804.873509
0.933000 805.107615
0.934000 805.389559
0.935000 805.717327
0.936000 806.090790
0.937000 806.509035
0.938000 806.967001
0.939000 807.452674
0.940000 807.946083
0.941000 808.419949
0.942000 808.842198
0.943000 809.179541
0.944000 809.401475
0.945000 809.484013
0.946000 809.412357
0.947000 809.182197
0.948000 808.799418
0.949000 808.278477
0.950000 807.639827
0.951000 806.906697
0.952000 806.101741
0.953000 805.244113
0.954000 804.347372
0.955000 803.419160
0.956000 802.463090
0.957000 801.482547
0.958000 800.485388
0.959000 799.487851
0.960000 798.515710
0.961000 797.601676
0.962000 796.779333
0.963000 796.075108
0.964000 795.500570
0.965000 795.047577
0.966000 794.688268
0.967000 794.380073
0.968000 794.074545
0.969000 793.727911
0.970000 793.310372
0.971000 792.812006
0.972000 792.244611
0.973000 791.639795
0.974000 791.044523
0.975000 790.514686
0.976000 790.108094
0.977000 789.878125
0.978000 789.868308
0.979000 790.108242
0.980000 790.611101
0.981000 791.372824
0.982000 792.372691
0.983000 793.574877
0.984000 794.930764
0.985000 796.381769
0.986000 797.862680
0.987000 799.305679
0.988000 800.645200
0.989000 801.823396
0.990000 802.795486
0.991000 803.534160
0.992000 804.031869
0.993000 804.300316
0.994000 804.367456
0.995000 804.272584
0.996000 804.060884
0.997000 803.778383
0.998000 803.467757
0.999000 803.164942
