0.813184
0.723841
0.588098
0.432965
0.299616
0.224874
0.216976
0.254337
0.306081
0.349629
0.375496
0.384546
0.383451
0.380518
0.382535
0.392938
0.411361
0.434538
0.457873
0.476692
0.487229
0.487708
0.478893
0.463588
0.445816
0.429962
0.419445
0.415504
0.417152
0.422066
0.427728
0.432231
0.434533
0.434335
0.43188
0.427855
0.423246
0.419134
0.41657
0.416286
0.418354
0.422191
0.426785
0.430876
0.433331
0.433719
0.432578
0.431151
0.430745
0.432063
0.435017
0.438973
0.442845
0.4452
0.444884
0.441718
0.436501
0.430591
0.425453
0.422198
0.421241
0.422266
0.424472
0.427011
0.429357
0.431336
0.433109
0.435072
0.437255
0.438983
0.439457
0.43839
0.436113
0.433206
0.430101
0.427084
0.424639
0.423592
0.424666
0.427747
0.431678
0.434899
0.436388
0.436102
0.434642
0.432771
0.431255
0.430542
0.430374
0.43014
0.429739
0.429794
0.430904
0.43301
0.435559
0.438094
0.440455
0.44243
0.443561
0.443359
0.441551
0.438311
0.434365
0.430709
0.428022
0.426283
0.425161
0.424727
0.425459
0.427455
0.429952
0.431854
0.432455
0.431575
0.429533
0.427099
0.425263
0.424856
0.426035
0.42805
0.429909
0.431299
0.432595
0.434099
0.43549
0.43611
0.435791
0.435126
0.434847
0.43513
0.435568
0.435668
0.435237
0.434147
0.432121
0.429246
0.426317
0.424218
0.4232
0.423045
0.423598
0.424879
0.42692
0.429535
0.432192
0.434414
0.436178
0.437672
0.438727
0.43886
0.437916
0.436362
0.43474
0.433096
0.431147
0.428783
0.426324
0.424383
0.42343
0.423448
0.424051
0.424883
0.425934
0.42753
0.429956
0.432871
0.435275
0.436336
0.435965
0.43463
0.433032
0.431835
0.43144
0.431897
0.432887
0.433912
0.434528
0.434399
0.433374
0.431776
0.430387
0.42987
0.43019
0.43066
0.430707
0.430749
0.431929
0.434665
0.438027
0.440661
0.441549
0.440176
0.436728
0.432221
0.428213
0.426163
0.426644
0.429041
0.432045
0.434389
0.435346
0.434784
0.432943
0.430424
0.428079
0.426492
0.425839
0.426254
0.427855
0.430318
0.432681
0.433855
0.433415
0.431781
0.429763
0.428062
0.427179
0.427557
0.429566
0.433134
0.437347
0.440467
0.440776
0.43791
0.433351
0.429401
0.427695
0.428367
0.430145
0.43128
0.430717
0.428777
0.426915
0.426636
0.42844
0.43165
0.434871
0.43663
0.436129
0.43377
0.430837
0.428553
0.427545
0.42793
0.429576
0.432276
0.435542
0.438328
0.439332
0.437623
0.433256
0.427597
0.422923
0.421298
0.423403
0.42807
0.432848
0.435464
0.435133
0.432717
0.42987
0.427933
0.427536
0.428859
0.431682
0.435268
0.438601
0.440962
0.442225
0.442465
0.441465
0.439042
0.435624
0.431988
0.428776
0.426458
0.425336
0.42546
0.426651
0.428571
0.430613
0.431886
0.431658
0.429773
0.426654
0.423158
0.420446
0.419699
0.421614
0.425895
0.431219
0.435927
0.43891
0.439866
0.439035
0.437021
0.434718
0.433054
0.432537
0.433089
0.434319
0.435802
0.437102
0.437835
0.437816
0.437165
0.436146
0.43482
0.433067
0.430785
0.428024
0.425337
0.423843
0.424395
0.426933
0.430754
0.434739
0.437333
0.437244
0.434474
0.43046
0.427235
0.426313
0.428021
0.431527
0.435252
0.437626
0.438076
0.437252
0.436208
0.435492
0.435024
0.434651
0.43431
0.433726
0.432462
0.430263
0.427492
0.425183
0.424276
0.424895
0.426541
0.428588
0.430408
0.431558
0.432124
0.432637
0.433611
0.435109
0.436603
0.437343
0.43698
0.435777
0.434087
0.432141
0.430558
0.430202
0.431255
0.432933
0.434144
0.434182
0.433063
0.431606
0.430865
0.431169
0.431853
0.432165
0.432121
0.432246
0.432934
0.434045
0.434788
0.434143
0.431557
0.427409
0.422962
0.419961
0.419981
0.423627
0.430041
0.437072
0.442132
0.443457
0.440991
0.4363
0.431601
0.428475
0.427281
0.427636
0.429128
0.431369
0.433684
0.435097
0.434812
0.432772
0.429797
0.427089
0.425466
0.425061
0.425631
0.426829
0.428206
0.429249
0.429626
0.4296
0.430041
0.431538
0.433667
0.435452
0.436273
0.436161
0.435545
0.43491
0.434459
0.43389
0.432703
0.430931
0.429422
0.429109
0.430132
0.431805
0.433203
0.43375
0.433408
0.432548
0.431682
0.431172
0.431129
0.431418
0.431774
0.432115
0.432709
0.433713
0.434833
0.435626
0.43566
0.434563
0.432556
0.430733
0.430206
0.431039
0.432373
0.433345
0.433539
0.432949
0.431914
0.430878
0.43002
0.429187
0.428215
0.427387
0.427474
0.429142
0.432367
0.436362
0.439801
0.441304
0.440212
0.437067
0.433101
0.429419
0.426705
0.425226
0.424909
0.425382
0.426111
0.426729
0.42712
0.427213
0.426876
0.425955
0.424514
0.423115
0.422577
0.423426
0.425925
0.430276
0.436312
0.443022
0.448661
0.451552
0.450865
0.447012
0.441556
0.436455
0.432939
0.430754
0.428726
0.426195
0.423629
0.421864
0.421288
0.421972
0.424001
0.427363
0.431545
0.435395
0.437822
0.438557
0.438008
0.436712
0.435105
0.433654
0.432917
0.43317
0.434159
0.435383
0.436261
0.436158
0.434706
0.432207
0.429484
0.42734
0.426263
0.426437
0.427774
0.43001
0.432734
0.435211
0.436428
0.435687
0.433236
0.43028
0.428179
0.427468
0.427756
0.428584
0.429849
0.431391
0.432658
0.433196
0.433335
0.433912
0.435282
0.436818
0.437328
0.435883
0.432521
0.428396
0.425235
0.424475
0.426555
0.430516
0.434285
0.435863
0.434614
0.43163
0.428753
0.427093
0.426607
0.426876
0.427718
0.428936
0.429881
0.42975
0.428494
0.426959
0.426014
0.426021
0.427075
0.429204
0.432221
0.43558
0.438455
0.43999
0.439808
0.438213
0.435749
0.432761
0.42956
0.426983
0.426411
0.428881
0.434056
0.439885
0.443543
0.443232
0.439161
0.433058
0.427022
0.422544
0.420249
0.420048
0.421469
0.424167
0.427995
0.432424
0.436216
0.438219
0.438412
0.437735
0.436928
0.436022
0.434879
0.433794
0.433453
0.434201
0.435432
0.435995
0.435235
0.433542
0.431909
0.431114
0.431419
0.432634
0.434021
0.434605
0.433963
0.432402
0.430535
0.429107
0.428613
0.428823
0.429232
0.429803
0.43075
0.431786
0.432226
0.431845
0.431122
0.430604
0.430302
0.429727
0.428544
0.427026
0.425812
0.425456
0.426055
0.427162
0.428313
0.429585
0.431327
0.433445
0.435148
0.435432
0.433953
0.431476
0.429449
0.429016
0.430331
0.432693
0.435124
0.43678
0.437089
0.435715
0.432573
0.428258
0.424474
0.423343
0.425729
0.430408
0.434876
0.43671
0.434981
0.431072
0.427509
0.425813
0.425941
0.42717
0.428836
0.430594
0.432288
0.43377
0.434977
0.436074
0.437216
0.438261
0.43898
0.439304
0.439144
0.438255
0.436544
0.434214
0.431454
0.428436
0.425525
0.423214
0.421949
0.421933
0.423101
0.425444
0.429016
0.433403
0.437593
0.440611
0.441994
0.441468
0.438902
0.434854
0.43046
0.426619
0.423771
0.422362
0.42279
0.424856
0.427902
0.43127
0.434342
0.436563
0.43773
0.437897
0.436929
0.434603
0.431168
0.427517
0.424909
0.424372
0.425886
0.428265
0.430205
0.431282
0.431511
0.43106
0.430981
0.432606
0.436014
0.439749
0.441879
0.441394
0.438965
0.436411
0.435229
0.435515
0.436231
0.436188
0.434611
0.431262
0.426727
0.42254
0.420459
0.421356
0.424669
0.428716
0.431586
0.432035
0.42994
0.426156
0.422113
0.419451
0.419399
0.42209
0.426571
0.431544
0.436045
0.439512
0.441595
0.442116
0.441107
0.4389
0.43614
0.433455
0.4311
0.429167
0.428038
0.428244
0.429738
0.431467
0.432225
0.431839
0.431257
0.431536
0.432858
0.434641
0.436116
0.436669
0.436167
0.434958
0.433425
0.431557
0.428967
0.425511
0.422124
0.420748
0.42279
0.427705
0.433493
0.438125
0.440277
0.439395
0.435775
0.43066
0.425923
0.423415
0.424105
0.427554
0.432374
0.437017
0.440085
0.440587
0.438583
0.435381
0.432716
0.431585
0.431793
0.43248
0.432841
0.432375
0.430795
0.428163
0.425131
0.422837
0.422314
0.423834
0.427015
0.431354
0.436113
0.440062
0.441944
0.441129
0.437821
0.433094
0.428811
0.426772
0.427457
0.429763
0.432001
0.433131
0.433207
0.432815
0.43221
0.431002
0.428621
0.425145
0.421649
0.419714
0.420422
0.423639
0.428338
0.433412
0.437983
0.441344
0.443038
0.443056
0.441717
0.439189
0.435539
0.431416
0.42819
0.427054
0.428137
0.430476
0.432676
0.433658
0.433029
0.431153
0.428981
0.427581
0.427582
0.428807
0.430408
0.431605
0.432203
0.432415
0.432559
0.433034
0.43426
0.436469
0.439294
0.441434
0.441282
0.438177
0.4331
0.42818
0.425194
0.424444
0.425118
0.426262
0.427273
0.427959
0.428482
0.429082
0.429758
0.430519
0.431637
0.433038
0.434042
0.434128
0.433474
0.432737
0.432352
0.432073
0.431453
0.430441
0.429188
0.427806
0.42648
0.425529
0.425428
0.426726
0.429643
0.433704
0.43783
0.440772
0.441615
0.440213
0.437297
0.43417
0.432106
0.431584
0.432064
0.432705
0.432978
0.432691
0.43198
0.431185
0.43059
0.430334
0.430464
0.431019
0.431974
0.433026
0.433683
0.433728
0.433504
0.433584
0.434144
0.434839
0.435208
0.435027
0.434251
0.43277
0.430614
0.428369
0.427002
0.42727
0.429271
0.432203
0.434554
0.43499
0.433355
0.430726
0.428618
0.428064
0.429255
0.431713
0.434425
0.436152
0.436104
0.434247
0.431119
0.427501
0.424207
0.422079
0.421623
0.42259
0.424286
0.426191
0.42808
0.42978
0.431258
0.432932
0.435564
0.439351
0.443258
0.445677
0.445579
0.443092
0.439116
0.434684
0.430921
0.4288
0.428435
0.428891
0.428854
0.427536
0.425016
0.422079
0.420197
0.421079
0.425307
0.431631
0.437845
0.442038
0.443171
0.441226
0.437291
0.433231
0.430613
0.429692
0.429422
0.428405
0.425999
0.422874
0.420666
0.421032
0.424628
0.430554
0.436725
0.441029
0.442255
0.440231
0.435537
0.429385
0.423647
0.420423
0.421014
0.425063
0.430732
0.435954
0.439512
