807.279068
808.113677
808.761446
809.158017
809.267922
809.087342
808.641738
807.978862
807.158696
806.243133
805.288754
804.344310
803.451797
802.648690
801.968973
801.442094
801.090462
800.926669
800.951220
801.151682
801.503700
801.973984
802.524995
803.119823
803.726363
804.319427
804.879976
805.392107
805.839554
806.203372
806.462323
806.596117
806.589421
806.434494
806.131385
805.685681
805.105030
804.396213
803.563964
802.612299
801.548383
800.387520
799.157149
797.898458
796.664465
795.514465
794.506301
793.688334
793.093179
792.734556
792.608171
792.695870
792.971367
793.405668
793.970453
794.638959
795.384887
796.180114
796.992154
797.782795
798.508498
799.123127
799.582468
799.849360
799.898451
799.719192
799.316938
798.712079
797.937558
797.034989
796.049929
795.027468
794.008586
793.028045
792.113982
791.288530
790.568442
789.965435
789.485797
789.129789
788.891610
788.759918
788.719326
788.752343
788.840837
788.966921
789.113159
789.262527
789.399164
789.510335
789.589458
789.638951
789.671323
789.707107
789.769299
789.876014
790.034258
790.237550
790.468346
790.704171
790.924872
791.118840
791.286776
791.442553
791.611798
791.828670
792.131197
792.555425
793.129028
793.865459
794.760251
795.790859
796.920382
798.104156
799.296975
800.458686
801.557228
802.569234
803.478915
804.276372
804.956198
805.516933
805.961216
806.295967
806.531993
806.682856
806.762542
806.782590
806.750131
806.667516
806.534142
806.349255
806.113566
805.828249
805.491574
805.095608
804.625854
804.064902
803.398424
802.621043
801.739851
800.774577
799.754746
798.714827
797.688138
796.700989
795.768803
794.895168
794.073950
793.293790
792.543078
791.813908
791.104716
790.421125
789.775206
789.183534
788.664122
788.232619
787.898870
787.665266
787.527292
787.476176
787.502391
787.598159
787.757728
787.974913
788.239073
788.531603
788.825382
789.087715
789.285500
789.390796
789.384654
789.258717
789.014844
788.663897
788.224891
787.724756
787.198588
786.689774
786.249221
785.932853
785.797153
785.892757
786.257041
786.907162
787.835253
789.007667
790.369127
791.850842
793.380581
794.892794
796.336584
797.680753
798.915639
800.052006
801.117356
802.149772
803.189922
804.271955
805.414732
806.615232
807.845392
809.053236
810.168129
811.108731
811.791923
812.140905
812.091574
811.597112
810.631023
809.189585
807.293763
804.989950
802.349554
799.466337
796.450704
793.421572
790.496105
787.778727
785.351072
783.264583
781.537228
780.155071
779.078239
778.249426
777.603239
777.074412
776.604048
776.143996
775.660323
775.136700
774.577295
774.007693
773.472163
773.026866
772.729814
772.630908
772.764562
773.146198
773.772863
774.626252
775.675961
776.881900
778.196349
779.566560
780.938802
782.263451
783.499742
784.619628
785.609986
786.473347
787.227907
787.906717
788.556282
789.233438
789.999980
790.915043
792.025658
793.357701
794.909366
796.649181
798.519237
800.442599
802.333055
804.105468
805.685000
807.013923
808.055116
808.791933
809.224873
809.366557
809.237142
808.861057
808.265575
807.480177
806.535570
805.463258
804.296172
803.070073
801.824997
800.605216
799.457650
798.430174
797.570768
796.926725
796.541728
796.447923
796.653842
797.134444
797.831082
798.663939
799.550400
800.420233
801.222151
801.922114
802.497447
802.930348
803.203239
803.297192
803.193793
802.879625
802.351620
801.622049
800.721154
799.696431
798.608739
797.526019
796.516228
795.640713
794.949375
794.478035
794.247385
794.263225
794.517497
794.989590
795.648495
796.455618
797.368387
798.344459
799.345442
800.339203
801.300836
802.212424
803.062290
803.844227
804.556329
805.199444
805.775433
806.285298
806.727660
807.097694
807.386426
807.580972
807.665597
807.623802
807.441482
807.110228
806.630223
806.012403
805.279315
804.464693
803.611853
802.770676
801.993430
801.329937
800.822388
800.501205
800.382842
800.469516
800.750203
801.201545
801.788103
802.462376
803.166707
803.838514
804.418220
804.858149
805.129709
805.227025
805.166455
804.982556
804.721176
804.430659
804.152655
803.914608
803.726048
803.580150
803.460586
803.351045
803.243451
803.141084
803.055216
802.997151
802.970691
802.969435
802.980029
802.989480
802.993157
803.000244
803.035073
803.133985
803.338436
803.686050
804.201807
804.891799
805.740987
806.715667
807.769836
808.853023
809.917414
810.923043
811.840749
812.654063
813.360552
813.972233
814.514178
815.020683
815.530222
816.079844
816.699516
817.406890
818.202818
819.068577
819.965152
820.835238
821.608368
822.208451
822.562904
822.612317
822.318825
821.671546
820.687972
819.411073
817.903015
816.237053
814.489412
812.732794
811.032264
809.443602
808.013176
806.778136
805.766152
804.994218
804.467286
804.177644
804.105398
804.220514
804.485970
804.861045
805.304272
805.775915
806.239954
806.665744
807.029263
807.313675
807.509285
807.613055
807.627717
807.560951
807.424578
807.233875
807.007537
806.768226
806.543517
806.366408
806.274259
806.305302
806.492641
806.857013
807.400342
808.102532
808.922929
809.806226
810.691138
811.519995
812.247035
812.843689
813.300209
813.623626
813.832814
813.951960
814.004259
814.007063
813.969502
813.893005
813.774449
813.611236
813.406689
813.174223
812.939518
812.739792
812.619926
812.626192
812.798896
813.165778
813.737432
814.505822
815.446232
816.521606
817.688223
818.901115
820.117925
821.300384
822.413538
823.423635
824.296127
824.995193
825.485508
825.735929
825.723414
825.436261
824.875504
824.054494
822.998101
821.742008
820.332785
818.828555
817.298574
815.820505
814.474818
813.336308
812.463921
811.890997
811.618475
811.613043
811.811201
812.128614
812.472414
812.753915
812.899204
812.856335
812.598932
812.126746
811.463900
810.655363
809.762298
808.856396
808.013386
807.305978
806.796707
806.531493
806.534721
806.806802
807.324670
808.044935
808.909278
809.850900
810.800772
811.693583
812.472886
813.094817
813.530652
813.768029
813.810846
813.678027
813.401219
813.021622
812.585575
812.139303
811.723467
811.368050
811.088656
810.884494
810.738738
810.621119
810.492286
810.309276
810.031175
809.624436
809.066856
808.350172
807.481248
806.482234
805.389472
804.251195
803.124148
802.069046
801.145934
800.409691
799.905731
799.666398
799.707992
800.028631
800.607372
801.405280
802.368476
803.432671
804.528931
805.589408
806.552299
807.365949
807.992059
808.408343
808.610955
808.616471
808.461524
808.198091
807.883953
807.570624
807.293763
807.070451
806.903692
806.789968
806.724835
806.703898
806.719799
806.758084
806.794464
806.795010
806.719720
806.528189
806.185740
805.668421
804.965822
804.081694
803.033292
801.850441
800.574381
799.256469
797.955975
796.735917
795.657178
794.771676
794.116427
793.710142
793.552964
793.629107
793.911400
794.366534
794.960050
795.660615
796.442852
797.288001
798.182398
799.114716
800.073109
801.042768
802.004726
802.935860
803.809620
804.597786
805.273161
805.812799
806.201960
806.437526
806.529598
806.500294
806.379198
806.196432
805.975323
805.727185
805.449964
805.131140
804.753657
804.302619
803.770663
803.160818
802.486674
801.770903
801.042920
800.336531
799.688041
799.134589
798.712440
798.455063
798.391169
798.542643
798.922851
799.535408
800.373174
801.417936
802.640813
804.003556
805.460519
806.960978
808.451663
809.879005
811.190990
812.338894
813.279110
813.974871
814.397628
814.527968
814.356122
813.881903
813.114350
812.071406
810.779802
809.275245
807.602164
805.812826
803.965766
802.123396
800.349249
798.705257
797.249003
796.030652
795.089816
794.452330
794.127626
794.107372
794.365715
794.861448
795.541545
796.345694
797.211266
798.078446
798.895456
799.623019
800.237555
800.732394
801.116201
801.409555
801.640698
801.841248
802.042623
802.273011
802.554110
802.897721
803.302968
803.754685
804.224155
804.672528
805.056554
805.335435
805.477010
805.462109
805.286226
804.958849
804.501066
803.942573
803.319169
802.671055
802.041678
801.476476
801.020288
800.712962
800.582760
800.639099
800.867387
801.228093
801.661968
802.100215
802.475990
802.734010
802.836036
802.761721
802.506317
802.077004
801.489084
800.762517
799.919010
798.979744
797.963542
796.885528
795.756173
794.580627
793.358595
792.085189
790.753340
789.358468
787.905550
786.416839
784.937134
783.532315
782.278879
781.246839
780.482734
780.000508
779.782877
779.789882
779.969295
780.265558
780.626605
781.008993
781.381442
781.726820
782.042331
782.337826
782.632811
782.953135
783.327555
783.784235
784.347111
785.032175
785.844316
786.775248
787.803241
788.894847
790.007855
791.094794
792.106537
792.995555
793.718732
794.239812
794.531373
794.576145
794.367680
793.910240
793.218030
792.313488
791.224835
789.983296
788.620176
787.164417
785.641060
784.070935
782.471391
780.857921
779.246040
777.652936
776.098543
774.605787
773.199708
771.905604
770.746615
769.740951
768.899531
768.224608
767.709679
767.340903
767.100039
766.968468
766.931266
766.980059
767.113506
767.334525
767.644821
768.038446
768.496959
768.988436
769.470701
769.897423
770.224714
770.415990
770.444656
770.295531
769.966254
769.469233
768.832906
768.100413
767.324942
766.562352
765.863322
765.267710
764.802360
764.482069
764.312069
764.290455
764.409766
764.657768
765.017995
765.470819
765.995402
766.572690
767.189327
767.841507
768.538123
769.301879
770.167261
771.175076
772.364280
773.762667
775.378445
777.194238
779.164664
781.217731
783.259994
785.185549
786.887273
788.268763
789.254883
789.798762
789.884724
789.527297
788.767173
787.665808
786.299887
784.756233
783.127237
781.506451
779.984405
778.644522
777.559512
776.788758
776.376476
776.350656
776.722742
777.487701
778.625009
780.101039
781.873105
783.894295
786.117083
788.494135
790.976456
793.510987
796.040357
798.505803
800.851780
803.029362
804.996719
806.717249
808.157187
809.284160
810.067337
810.479140
810.498047
810.112283
809.323741
808.151160
806.631792
804.821026
802.789300
800.616742
798.386779
796.179730
794.067835
792.112262
790.361449
788.850095
787.598277
786.610393
785.874228
785.361277
785.028617
784.822010
784.680502
784.542302
784.351398
784.063922
783.653319
783.113450
782.459038
781.723785
780.956380
780.214996
779.560760
779.050523
778.730205
778.629981
778.762514
779.124331
779.699130
780.461773
781.381612
782.424724
783.555603
784.738699
785.940352
787.131204
788.288762
789.399630
790.460757
791.478949
792.468443
793.446780
794.429501
795.425269
796.432407
797.437757
798.418187
799.343904
800.182709
800.904123
801.482182
801.896902
802.134304
802.185478
802.045587
801.713451
801.192671
800.494484
799.641823
798.672832
797.641948
796.616655
795.668956
794.863530
794.246628
793.839947
793.640775
793.626422
793.760372
793.998831
794.297322
794.617154
794.930746
795.223860
795.493487
795.742137
795.971145
796.175811
796.344396
796.461494
796.514000
796.496275
796.411371
796.267349
796.071078
795.823432
795.518837
795.149261
794.710112
794.205095
793.648216
793.062782
792.478385
791.926506
791.435885
791.028902
790.719833
790.515086
790.415200
790.417617
790.519016
790.716687
791.008708
791.393380
791.868248
792.428884
793.068010
793.775024
794.536258
795.336326
796.160385
796.996910
797.839824
798.688717
799.546851
800.417541
801.301058
802.193169
803.085625
803.967885
804.828972
805.658833
806.448949
807.192513
807.883897
808.517531
809.086118
809.578690
809.979192
810.266255
810.414477
810.397324
810.191463
809.781868
809.167134
808.363902
807.409334
806.360530
805.290303
804.279705
803.408426
802.745026
802.338630
802.213878
802.369529
802.780469
803.402656
804.179259
805.046883
805.941291
806.801946
807.575482
808.218296
808.698183
808.995136
809.101158
809.019435
808.762717
808.350814
807.807329
807.156275
806.419545
805.615989
804.763039
803.880599
802.996354
802.150797
801.399490
800.810581
800.456294
800.398734
800.673917
801.279030
802.168357
803.261136
804.458900
805.666195
806.807560
807.836553
808.736278
809.513835
810.192245
810.802457
811.377021
811.945699
812.532493
813.153742
813.817121
814.521721
815.259593
816.018771
816.787291
817.557351
818.327988
819.105252
819.899656
820.721408
821.575278
822.457298
823.354217
824.245752
825.108376
825.919361
826.660261
827.319152
827.891530
828.379725
828.791303
829.136936
829.427855
829.673368
829.878774
830.043859
830.162706
830.224789
830.216670
830.123724
829.931443
829.626147
829.195482
828.629292
827.921164
827.069958
826.080484
824.962528
823.727513
822.383974
820.933789
819.371157
817.685879
815.869638
813.922847
811.860013
809.711588
807.522669
805.350115
803.259186
801.320322
799.605518
798.183387
797.112347
796.432789
796.160635
796.284702
796.768890
797.558113
798.586283
799.784663
801.089059
802.445291
803.812426
805.163233
806.482371
807.763428
809.005447
810.209964
811.378790
812.512676
813.610518
814.668706
815.681530
816.642494
817.546756
818.394035
819.190674
819.949789
820.688985
821.426749
822.178432
822.952571
823.748753
824.557496
825.362213
826.142859
826.879811
827.557073
828.163709
828.693499
829.143788
829.513408
829.800256
829.999641
830.104287
830.106085
829.999011
829.781298
829.454726
829.021142
828.479004
827.823232
827.049464
826.160942
825.173833
824.118003
823.032706
821.959375
820.935076
819.987982
819.135246
818.382473
817.723985
817.145141
816.626991
816.152269
815.710873
815.303221
814.941113
814.646052
814.445650
814.368031
814.434801
814.654967
815.022222
815.516423
816.108153
816.763878
817.449797
818.133703
818.785028
819.374840
819.876549
820.267001
820.527870
820.646851
820.617811
820.440092
820.117215
819.655602
819.064229
818.355918
817.550032
816.675638
815.773900
814.898082
814.110009
813.472979
813.042671
812.858068
812.935353
813.266182
813.820351
814.552067
815.407916
816.334794
817.286246
818.226398
819.131328
819.988375
820.794427
821.554170
822.278380
822.981779
823.679696
824.383210
825.093793
825.799225
826.472525
827.074668
827.560600
827.886761
828.017801
827.931088
827.617989
827.082848
826.340993
825.416219
824.338340
823.140535
821.856384
820.516750
819.147142
817.766896
816.390922
815.033502
813.712456
812.451152
811.276547
810.213819
809.280849
808.486176
807.831201
807.314327
806.933590
806.685992
806.564524
806.555438
806.638118
806.787871
806.980760
807.198848
807.433810
807.687573
807.969616
808.291588
808.661068
809.076596
809.525708
809.986521
810.431885
810.834575
811.171892
811.428859
811.599456
811.685947
811.697113
811.645764
811.546678
811.415138
811.266092
811.114075
810.972920
810.855039
810.770055
810.722775
810.711045
810.724043
810.741434
810.733986
810.665776
810.497703
810.191528
809.713548
809.037543
808.146273
807.031452
805.692725
804.136170
802.373290
800.420811
798.301494
796.045353
793.690360
791.281798
788.869882
786.506136
784.239833
782.115864
780.174449
778.452057
776.981953
775.792951
774.906149
774.331075
774.063622
774.087437
774.378677
774.912011
775.665346
776.621933
777.769612
779.097984
780.594649
782.241788
784.013703
785.875500
787.783343
789.686250
791.529508
793.259961
794.832300
796.214236
797.389095
798.355182
799.122246
799.706792
800.127315
800.400399
800.538112
800.546949
800.428356
800.180252
799.799390
799.283912
798.635963
797.864363
796.987077
796.033337
795.044743
794.074035
793.180418
792.421173
791.841258
791.464476
791.289665
791.293530
791.438569
791.682161
791.983215
792.305069
792.615037
792.882243
793.076213
793.167493
793.130367
792.946685
792.608645
792.119658
791.493068
790.749557
789.914352
789.015241
788.081674
787.144372
786.235019
785.385360
784.625777
783.983373
783.480039
783.131073
782.944757
782.922622
783.059867
783.345234
783.759975
784.276870
784.860074
785.466743
786.050461
786.565270
786.969149
787.226083
787.307238
787.192141
786.870285
786.343314
785.627256
784.753539
783.767503
782.724162
781.681761
780.694775
779.808418
779.056322
778.461177
778.037015
777.790875
777.722096
777.819904
778.061341
778.411983
778.829671
779.269413
779.687474
780.043480
780.300813
780.426733
780.393357
780.179661
779.774120
779.177322
778.403492
777.480481
776.448497
775.357823
774.265877
773.234105
772.325060
771.599414
771.112828
770.912638
771.034092
771.496421
772.298967
773.418015
774.805395
776.390113
778.083670
779.788879
781.410884
782.867971
784.099730
785.071193
785.772554
786.215042
786.424653
786.435257
786.282791
786.001354
785.620994
785.167210
784.661097
784.119908
783.557909
782.987126
782.418006
781.859446
781.317869
780.795094
780.285577
779.774004
779.234764
778.634770
777.939699
777.122838
776.174250
775.107317
773.960877
772.796495
771.691512
770.729715
769.991560
769.545801
769.443310
769.712530
770.356297
771.350288
772.644633
774.169459
775.843984
777.587113
779.326727
781.006238
782.587897
784.052869
785.398685
786.634545
787.775093
788.834034
789.818560
790.725807
791.542145
792.245773
792.812004
793.219486
793.455536
793.519289
793.422063
793.185506
792.838008
792.410371
791.932015
791.427806
790.916246
790.409212
789.912489
789.426842
788.949336
788.474385
787.994347
787.499431
786.976878
786.410477
785.781364
785.070560
784.263560
783.356040
782.358747
781.300302
780.226799
779.197297
778.276012
777.523080
776.986818
776.700000
776.680530
776.935238
777.463826
778.260346
779.311538
780.593410
782.068939
783.689064
785.397295
787.136417
788.854444
790.507335
792.057885
793.472059
794.715570
795.752696
796.547998
797.070336
797.297639
797.220926
796.846412
796.195586
795.303456
794.215714
792.985097
791.667103
790.315906
788.980752
787.702973
786.514138
785.435588
784.479259
783.649554
782.945883
782.365103
781.903307
781.556756
781.322153
781.196533
781.176688
781.258940
781.438762
781.709967
782.063774
782.487511
782.963144
783.466107
783.965012
784.422943
784.800828
785.062623
785.181050
785.142669
784.950877
784.626067
784.202820
783.724976
783.239733
782.791267
782.415401
782.136009
781.963634
781.896568
781.924382
782.033419
782.212862
782.459977
782.782974
783.199742
783.732627
784.401010
785.214017
786.166125
787.236661
788.392276
789.590875
790.785540
791.927893
792.971200
793.873362
794.599539
795.124118
795.431806
795.517814
795.386807
795.051131
794.528873
793.841774
793.013784
792.070772
791.040918
789.955109
788.847059
787.752789
786.708893
785.749930
784.905262
784.196401
783.636151
783.230466
782.982924
782.900381
782.997979
783.300992
783.842289
784.655638
785.766384
787.181998
788.884942
790.830107
792.947201
795.147371
797.332435
799.404808
801.276435
802.875628
804.151349
805.074894
805.639432
805.857513
805.757129
805.377008
804.761805
803.957921
803.010329
801.960704
800.846829
799.702921
798.560861
797.452107
796.409642
795.469225
794.668632
794.043537
793.620286
793.408041
793.394128
793.545092
793.813282
794.146738
794.498685
794.834365
795.134475
795.395189
795.625530
795.843309
796.070652
796.329754
796.639889
797.016130
797.469755
798.009949
798.645955
799.388171
800.246979
801.229353
802.334426
803.549836
804.850887
806.203205
807.567884
808.907078
810.188011
811.384571
812.476845
813.450186
814.294806
815.006827
815.590894
816.062814
816.450653
816.792713
817.131467
817.504663
817.936117
818.428625
818.961642
819.494090
819.971601
820.336494
820.537811
820.539979
820.329000
819.915797
819.336331
818.647845
817.921229
817.229890
816.637146
816.185399
815.890029
815.739947
815.703440
815.736367
815.790261
815.818911
815.783923
815.659524
815.436058
815.121054
814.737388
814.319565
813.909331
813.551833
813.292678
813.174602
813.233006
813.491040
813.955346
814.614456
815.440507
816.393613
817.427553
818.495386
819.553865
820.566445
821.505002
822.350741
823.094879
823.739123
824.295746
824.786737
825.241581
825.693297
826.173224
826.705504
827.302318
827.961249
828.665146
829.384260
830.080113
830.710028
831.231177
831.603311
831.790567
831.762385
831.493942
830.966914
830.170804
829.104612
827.778624
826.215731
824.451647
822.533872
820.519178
818.470237
816.451970
814.528036
812.758080
811.195494
809.885946
808.866697
808.166559
807.806740
807.801715
808.159114
808.877564
809.942289
811.319972
812.955661
814.774464
816.688452
818.606914
820.446327
822.137283
823.627868
824.883828
825.886300
826.628096
827.109338
827.333037
827.301996
827.017314
826.478451
825.684107
824.632989
823.324644
821.760611
819.946233
817.893238
815.623039
813.170033
810.584247
807.933151
805.302293
802.793980
800.522420
798.602341
797.129761
796.159616
795.691747
795.675494
796.031147
796.675898
797.541521
798.579335
799.755654
801.043826
802.417696
803.848494
805.305321
806.757750
808.179128
809.549708
810.858245
812.101292
813.280263
814.396643
815.446919
816.419504
817.295134
818.050969
818.667106
819.132907
819.450443
819.633629
819.703326
819.680408
819.579243
819.403882
819.148054
818.798670
818.341540
817.766660
817.071170
816.259401
815.340758
814.327089
813.231394
812.068340
810.856112
809.618664
808.386572
807.195218
806.080380
805.072471
804.190928
803.440976
802.814144
802.292302
801.853978
801.481095
801.164234
800.905510
800.718362
800.624218
800.646772
800.804736
801.104932
801.537659
802.075593
802.676890
803.291601
803.869603
804.367996
804.756272
805.018503
805.152537
805.166992
805.077228
804.901578
804.658958
804.368131
804.047794
803.716435
803.391164
803.085946
802.810236
802.568949
802.364175
802.198346
802.077610
802.014091
802.026026
802.135463
802.364284
802.729639
803.240073
803.893200
804.675309
805.562291
806.521548
807.514637
808.500192
809.437096
810.287547
811.019652
811.609373
812.041469
812.309565
812.415690
812.369426
812.186711
811.888586
811.499884
811.047636
810.559469
810.061980
809.578987
809.130356
808.731491
808.393494
808.124054
807.928566
807.811039
807.774489
807.820804
807.949917
808.158482
808.438143
808.773510
809.140526
809.505757
809.826926
810.055283
810.139695
810.031785
809.691426
809.091795
808.223520
807.097452
805.745843
804.221549
802.595055
800.949675
799.375083
797.959567
796.782207
795.905658
795.370321
795.190859
795.355781
795.830950
796.566570
797.506419
798.596972
799.793770
801.063661
802.383004
803.733168
805.095192
806.445882
807.756650
808.995259
810.129909
811.134298
811.991614
812.695976
813.250816
813.664645
