807.206456
807.961666
808.525540
808.836631
808.862684
808.603042
808.085961
807.361386
806.490774
805.536764
804.556026
803.596836
802.700268
801.902463
801.235708
800.727493
800.398069
800.257820
800.305114
800.525591
800.893293
801.373737
801.928629
802.520705
803.117865
803.695202
804.234185
804.719620
805.136166
805.466020
805.689286
805.787175
805.745933
805.559400
805.229134
804.762104
804.167215
803.452388
802.623405
801.685218
800.645750
799.520803
798.337952
797.138033
795.973161
794.901178
793.978008
793.249735
792.746520
792.479640
792.442485
792.614823
792.968576
793.473279
794.099468
794.819576
795.606848
796.433098
797.266191
798.068681
798.798229
799.410293
799.862597
800.120172
800.160007
799.973901
799.569414
798.968881
798.206810
797.325922
796.372393
795.391459
794.423819
793.503583
792.657933
791.907801
791.268558
790.750427
790.358151
790.090464
789.940129
789.894518
789.937156
790.049692
790.213388
790.410004
790.621990
790.832443
791.025787
791.189710
791.318153
791.414036
791.490266
791.567624
791.669160
791.812854
792.005442
792.240149
792.499222
792.760154
793.002980
793.216437
793.401646
793.572847
793.755821
793.984567
794.296575
794.726954
795.302110
796.034010
796.916647
797.926092
799.024382
800.166256
801.306432
802.405197
803.431341
804.362670
805.184778
805.889256
806.472246
806.933820
807.278080
807.513278
807.651389
807.706963
807.694799
807.627128
807.511691
807.351455
807.146460
806.896530
806.602759
806.266384
805.885387
805.451394
804.949637
804.362814
803.677184
802.888335
802.004431
801.046102
800.043396
799.030765
798.040965
797.099237
796.219627
795.404330
794.646022
793.932479
793.251552
792.595046
791.961201
791.355364
790.789188
790.278668
789.841020
789.490942
789.237303
789.081587
789.018535
789.038867
789.132771
789.292248
789.511251
789.783096
790.096468
790.432144
790.762652
791.055489
791.278369
791.404689
791.417194
791.309305
791.084580
790.755360
790.341849
789.871841
789.380907
788.912480
788.516981
788.249230
788.163954
788.309359
788.719783
789.408873
790.365116
791.551528
792.910196
794.370728
795.860529
797.314906
798.684839
799.941691
801.078648
802.109199
803.063129
803.980057
804.901286
805.860738
806.876344
807.943812
809.033849
810.093709
811.052762
811.830686
812.346560
812.526902
812.311903
811.659798
810.549611
808.983333
806.987439
804.613245
801.936159
799.052530
796.073646
793.117408
790.298084
787.715571
785.445767
783.533760
781.991193
780.798437
779.910920
779.267791
778.801304
778.444994
778.139723
777.837840
777.506490
777.130679
776.715761
776.288054
775.891841
775.582501
775.416734
775.442826
775.693516
776.182741
776.906224
777.844206
778.964585
780.225371
781.576993
782.965347
784.336234
785.640712
786.839776
787.908068
788.835794
789.629034
790.309403
790.912905
791.488167
792.093054
792.789098
793.633681
794.670742
795.922069
797.381277
799.012612
800.754946
802.529764
804.251140
805.836063
807.213399
808.330073
809.154003
809.673275
809.892381
809.827160
809.500266
808.938259
808.170507
807.228623
806.145460
804.954459
803.690059
802.388802
801.090374
799.837260
798.673151
797.641471
796.785017
796.145648
795.761493
795.659102
795.841671
796.279882
796.912957
797.661639
798.446211
799.200687
799.878175
800.448502
800.892033
801.193258
801.336546
801.305025
801.082751
800.659255
800.034844
799.225174
798.263288
797.198424
796.091739
795.009847
794.017908
793.173319
792.521462
792.093592
791.906205
791.961528
792.248506
792.744228
793.416004
794.224121
795.125545
796.078022
797.043625
797.990929
798.895533
799.739580
800.510983
801.202606
801.811419
802.337288
802.781543
803.145485
803.428911
803.629060
803.739811
803.751672
803.652685
803.430237
803.073924
802.578531
801.946734
801.191056
800.334733
799.411456
798.463921
797.541105
796.694358
795.972820
795.418434
795.061794
794.919696
794.994214
795.272750
795.728289
796.319663
796.992672
797.684041
798.328488
798.867487
799.257700
799.476715
799.525065
799.424511
799.213153
798.938127
798.646762
798.377715
798.154103
797.980531
797.845447
797.728515
797.610242
797.480210
797.340150
797.200579
797.073235
796.963768
796.869003
796.779947
796.688764
796.596206
796.516182
796.475856
796.511313
796.659871
796.951484
797.401829
798.008555
798.751376
799.595699
800.498890
801.417411
802.312802
803.155602
803.926839
804.618077
805.231058
805.777115
806.276064
806.754039
807.240838
807.766601
808.357394
809.029937
809.786106
810.608636
811.459362
812.281041
813.002924
813.549188
813.848816
813.845344
813.504852
812.820278
811.811483
810.521290
809.008638
807.340989
805.587684
803.815419
802.085963
800.455153
798.972279
797.678834
796.606419
795.774429
795.188003
794.837414
794.699454
794.740735
794.922206
795.203506
795.546369
795.916537
796.284291
796.624425
796.916300
797.144375
797.299041
797.377283
797.382826
797.325538
797.220238
797.085239
796.941253
796.811139
796.720228
796.696460
796.769433
796.967470
797.312867
797.816366
798.472522
799.257432
800.129861
801.036294
801.918569
802.722621
803.406475
803.945622
804.334761
804.585972
804.723871
804.778640
804.779060
804.746829
804.693196
804.618868
804.516899
804.378002
804.196695
803.976569
803.733582
803.496194
803.302258
803.193464
803.208713
803.378151
803.718701
804.231966
804.904766
805.711851
806.619843
807.591574
808.589588
809.577953
810.522529
811.389650
812.144666
812.751461
813.173699
813.377959
813.337915
813.038402
812.478467
811.672497
810.649671
809.452487
808.134496
806.757593
805.388783
804.096366
802.945399
801.992597
801.281268
800.836271
800.660005
800.730511
801.002449
801.411457
801.881103
802.331138
802.685652
802.880408
802.869027
802.627828
802.159109
801.492526
800.683600
799.808693
798.956579
798.217163
797.668956
797.367883
797.339831
797.578787
798.050797
798.702380
799.470514
800.291631
801.108014
801.871240
802.543090
803.095386
803.509869
803.778415
803.903882
803.900761
803.795261
803.623744
803.429154
803.255875
803.143642
803.121473
803.202785
803.382942
803.639497
803.935296
804.223661
804.454966
804.583643
804.574211
804.405418
804.072415
803.586732
802.974098
802.271150
801.521505
800.771757
800.067971
799.452702
798.962354
798.624689
798.456613
798.462373
798.632390
798.943216
799.358774
799.832776
800.312211
800.741868
801.069267
801.249311
801.248222
801.046105
800.637910
800.032969
799.253693
798.333712
797.315617
796.248304
795.183089
794.168076
793.242060
792.430003
791.742177
791.177493
790.729163
790.389866
790.154437
790.020044
789.984408
790.043500
790.189803
790.411489
790.692475
791.012899
791.349491
791.676031
791.964886
792.190226
792.332775
792.384655
792.352661
792.258692
792.137209
792.031245
791.988015
792.054541
792.273470
792.679112
793.293894
794.125581
795.166088
796.392435
797.769501
799.253966
800.798568
802.355666
803.879825
805.329792
806.670229
807.873604
808.921867
809.806983
810.529768
811.097045
811.517540
811.797623
811.938293
811.934195
811.775087
811.449327
810.948164
810.270192
809.425178
808.436242
807.340251
806.186269
805.032232
803.940341
802.972168
802.184150
801.623408
801.323957
801.303286
801.559759
802.071711
802.799366
803.689908
804.684681
805.726749
806.766807
807.766385
808.698135
809.543755
810.290941
810.930602
811.455575
811.860939
812.144894
812.309870
812.362906
812.314663
812.177552
811.963659
811.683344
811.345283
810.957771
810.530946
810.078794
809.619653
809.174874
808.765933
808.411091
808.122928
807.907233
807.763020
807.683805
807.659773
807.680832
807.739993
807.835520
807.970680
808.150994
808.379831
808.654328
808.963159
809.286656
809.599120
809.872361
810.079682
810.199337
810.216655
810.124941
809.925120
809.624159
809.233158
808.765820
808.237588
807.665508
807.068047
806.464093
805.870625
805.299222
804.752752
804.223750
803.695737
803.146942
802.555096
801.901767
801.175169
800.371788
799.497153
798.566356
797.604533
796.647066
795.738624
794.929700
794.269847
793.798866
793.538974
793.491854
793.641953
793.963984
794.430807
795.017691
795.702076
796.460417
797.265039
798.083301
798.880139
799.623634
800.292080
800.880784
801.406267
801.906342
802.435599
803.056369
803.826344
804.785432
805.944879
807.281457
808.738359
810.232417
811.665313
812.935535
813.948648
814.624872
814.904079
814.748705
814.145181
813.104282
811.660171
809.867724
807.798059
805.532152
803.153436
800.740654
798.362451
796.074954
793.922579
791.941196
790.161743
788.612654
787.319864
786.304566
785.579898
785.147942
784.998788
785.112197
785.460847
786.014072
786.741308
787.614337
788.608359
789.702339
790.878331
792.119820
793.409404
794.726317
796.044977
797.335621
798.567034
799.710438
800.743188
801.651383
802.430795
803.086120
803.629388
804.077831
804.451790
804.772549
805.060146
805.331119
805.596000
805.857189
806.107843
806.332960
806.512695
806.627305
806.662638
806.613837
806.485731
806.289466
806.036747
805.733808
805.377381
804.953803
804.441153
803.813352
803.044165
802.110737
800.996371
799.692876
798.202983
796.542847
794.743714
792.850550
790.916956
788.997233
787.138599
785.377450
783.740966
782.251671
780.930583
779.796291
778.860183
778.120408
777.558094
777.138098
776.815031
776.543337
776.288820
776.038361
775.805210
775.628761
775.568927
775.695935
776.077298
776.764779
777.784318
779.131781
780.775726
782.665741
784.742843
786.948277
789.228329
791.534945
793.823797
796.051916
798.176380
800.154946
801.948536
803.524741
804.861193
805.947656
806.785984
807.387644
807.769060
807.946063
807.929742
807.725133
807.333310
806.756269
806.001787
805.085976
804.032657
802.869989
801.626519
800.328541
798.999471
797.661076
796.335684
795.047843
793.824460
792.693394
791.681311
790.811940
790.105492
789.579812
789.252433
789.142157
789.269500
789.655256
790.317599
791.268881
792.512834
794.042668
795.839534
797.871029
800.090198
802.436087
804.836819
807.215457
809.497126
811.615321
813.516314
815.160886
816.524299
817.595479
818.375884
818.878486
819.126816
819.153791
819.000306
818.713163
818.341878
817.934468
817.531994
817.163030
816.839749
816.556822
816.293738
816.019580
815.698956
815.297694
814.787128
814.146748
813.365234
812.440523
811.379378
810.196565
808.913956
807.559125
806.163558
804.760758
803.384108
802.065004
800.831652
799.708115
798.713491
797.861122
797.157727
796.603139
796.190833
795.909593
795.745907
795.686594
795.721263
795.844018
796.054096
796.355443
796.755140
797.261108
797.879568
798.612305
799.454891
800.396014
801.417545
802.495344
803.600003
804.697821
805.751924
806.723578
807.574194
808.268242
808.776944
809.081858
809.177459
809.072055
808.786385
808.350428
807.799565
807.171010
806.501578
805.827079
805.182949
804.605083
804.130016
803.793420
803.626442
803.650440
803.871535
804.276605
804.832169
805.486688
806.175775
806.829492
807.380321
807.770895
807.960319
807.928379
807.677379
807.231254
806.632191
805.935146
805.200504
804.485918
803.838449
803.288287
802.845428
802.500065
802.226689
801.990730
801.756227
801.492478
801.178567
800.805381
800.375119
799.899335
799.396630
798.890594
798.407577
797.973462
797.609367
797.327075
797.126009
796.993659
796.909745
796.853204
796.809813
796.777562
796.768209
796.804685
796.914924
797.124524
797.450471
797.897417
798.457394
799.112379
799.838118
800.607540
801.392947
802.166791
802.901583
803.570155
804.146856
804.609594
804.942352
805.137426
805.196664
805.131259
804.959927
804.705906
804.393531
804.045288
803.679729
803.310143
802.943981
802.582803
802.222626
801.855045
801.469591
801.056886
800.611807
800.136170
799.639672
799.138121
798.649053
798.185676
797.751240
797.336431
796.920874
796.477706
795.979035
795.399744
794.719206
793.921594
792.995947
791.936962
790.746513
789.435517
788.025200
786.547303
785.042532
783.557264
782.139262
780.833077
779.676156
778.696565
777.912831
777.335177
776.967721
776.810882
776.862981
777.120938
777.579777
778.231177
779.061881
780.051965
781.173334
782.389382
783.656333
784.926214
786.151467
787.290307
788.311396
789.197019
789.943724
790.560483
791.065082
791.479816
791.827702
792.129967
792.405319
792.670368
792.940107
793.227469
793.541211
793.882904
794.244642
794.608575
794.948992
795.236437
795.442613
795.545092
795.530319
795.394679
795.143723
794.790240
794.352958
793.856556
793.332754
792.821277
792.368989
792.026210
791.840492
791.849318
792.073910
792.516126
793.159325
793.972679
794.917218
795.951271
797.033291
798.121197
799.169558
800.127049
800.937058
801.543127
801.898119
801.974316
801.771121
801.318093
800.672703
799.913643
799.130677
798.412170
797.831763
797.436330
797.238414
797.216047
797.320115
797.486631
797.649838
797.752294
797.750681
797.617898
797.342907
796.929887
796.397555
795.778535
795.117758
794.468859
793.887906
793.425583
793.120024
792.992422
793.046974
793.274577
793.658317
794.178589
794.816830
795.557313
796.387385
797.296855
798.277187
799.320596
800.419069
801.563179
802.740253
803.932082
805.112861
806.248400
807.297486
808.215789
808.961021
809.498070
809.802728
809.863378
809.680960
809.267752
808.645953
807.846019
806.905111
805.865537
804.773132
803.676036
802.623047
801.661207
800.832211
800.167387
799.682848
799.376979
799.231504
799.216795
799.300137
799.454528
799.665299
799.932831
800.271159
800.702822
801.251515
801.934765
802.758018
803.711168
804.768263
805.890359
807.030394
808.139202
809.171462
810.089959
810.867787
811.488194
811.942790
812.229131
812.348429
812.304008
812.100829
811.746002
811.249492
810.624606
809.887803
809.057292
808.150556
807.181688
806.159454
805.086956
803.963479
802.787837
801.562188
800.295577
799.006484
797.724251
796.489257
795.351838
794.369480
793.602320
793.106996
792.929544
793.098518
793.619603
794.473054
795.614578
796.979798
798.490927
800.064714
801.620144
803.084362
804.396407
805.508646
806.386996
807.011057
807.374574
807.486367
807.371237
807.069607
806.635093
806.129645
805.616253
805.151047
804.776928
804.520723
804.394629
804.400507
804.535339
804.795806
805.180713
805.690929
806.326998
807.085135
807.952450
808.903337
809.898168
810.885175
811.805597
812.600621
813.218355
813.619421
813.780464
813.695627
813.376589
812.851923
812.165954
811.376812
810.552945
809.767536
809.090908
808.581837
808.279745
808.199485
808.329956
808.636402
809.065616
809.552855
810.029417
810.429480
810.695752
810.783447
810.662043
810.315114
809.738341
808.936624
807.921431
806.709382
805.322272
803.788246
802.143491
800.433236
798.711358
797.038626
795.480029
794.101515
792.966352
792.131097
791.640849
791.524293
791.789775
792.423491
793.390772
794.640274
796.109806
797.733072
799.446063
801.192026
802.924088
804.604462
806.199960
807.674852
808.983872
810.069567
810.867217
811.316832
811.377641
811.038910
810.323147
809.281433
807.983816
806.508363
804.931925
803.323893
801.742443
800.232771
798.827071
797.545964
796.401059
795.398624
794.543137
793.838967
793.289723
792.895298
792.648318
792.532370
792.523375
792.594187
792.720026
792.882671
793.072338
793.286921
793.530253
793.810172
794.136795
794.521167
794.973941
795.503957
796.116812
796.813841
797.591551
798.441663
799.351652
800.305789
801.286685
802.276788
803.259247
804.218034
805.136821
805.997117
806.777183
807.452182
807.995987
808.383986
808.595961
808.618249
808.445112
808.079672
807.534480
806.831898
806.003374
805.086845
804.122323
803.146517
802.188594
801.268765
800.399931
799.590874
798.849064
798.181370
797.592046
797.079307
796.632419
796.231601
795.851453
795.466490
795.056722
794.611306
794.129067
793.616341
793.083814
792.543699
792.008483
791.491663
791.009799
790.584550
790.242729
790.013306
789.921580
789.982937
790.199272
790.559388
791.042472
791.622427
792.271206
792.960656
793.663486
794.354236
795.010819
795.616678
796.162854
796.649061
797.083027
797.477974
797.849019
798.209558
798.568840
798.931219
799.296997
799.664088
800.029719
800.391813
800.749699
801.104462
801.458933
801.816818
802.180686
802.548677
802.910480
803.244388
803.517668
803.691131
803.727618
803.601486
803.305405
802.852410
802.272741
801.606931
800.898036
800.185631
799.502541
798.874022
798.318104
797.846060
797.462915
797.168316
796.958125
796.826551
796.768522
796.781205
796.863949
797.016909
797.238662
797.524189
797.863919
798.244058
798.647919
799.057475
799.454534
799.821143
800.139634
800.392901
800.565720
800.647644
800.636928
800.544326
800.394825
800.226047
800.083106
800.010730
800.044876
800.205800
800.494526
800.893049
801.367674
801.874495
802.365564
802.794524
803.121002
803.313371
803.350071
803.219923
802.922178
802.466678
801.874013
801.175434
800.411714
799.630422
798.881496
798.211275
797.655559
797.232627
796.937402
796.739075
796.584588
796.408100
796.143608
795.736796
795.153008
794.380437
793.429387
792.329248
791.124447
789.869820
788.625811
787.453570
786.410166
785.544283
784.892816
784.478678
784.310169
784.381975
784.677863
785.174849
785.848417
786.677954
787.650743
788.762876
790.016355
791.412878
792.946648
794.599506
796.341218
798.134772
799.944375
801.742615
803.513882
805.253389
806.962293
808.640567
810.279755
811.857487
813.335241
814.660652
815.774173
816.618455
817.148306
817.338565
817.188109
816.719145
815.972166
814.998509
813.853114
812.589281
811.255929
809.896843
808.550047
807.246279
806.006984
804.842546
803.752126
802.725527
801.746524
800.797066
799.860963
798.926988
797.991606
797.061044
796.152690
795.294947
794.524433
793.880512
793.398118
793.100308
792.992761
793.061613
793.274836
793.586408
793.941986
794.284994
794.562480
794.730318
794.757164
794.626329
794.335666
793.896187
793.329725
792.666041
791.939487
791.185211
790.435458
789.716530
789.046983
788.437193
787.890068
787.402566
786.967944
786.578584
786.228259
785.913586
785.633964
785.390404
785.184272
785.016270
784.886556
784.795493
784.744439
784.736355
784.776018
784.869929
785.025758
785.251357
785.553166
785.934466
786.394061
786.926057
787.521274
788.169294
788.860278
789.585430
790.336093
791.102452
791.872215
792.630201
793.359320
794.042340
794.664295
795.214946
795.690699
796.095684
796.441928
796.749008
797.042856
797.353507
797.712126
798.146905
798.678028
799.312850
800.042183
800.839081
801.660936
802.454584
803.163310
803.734323
804.124924
804.306239
804.264597
804.000641
803.527092
802.865981
802.046057
801.100684
800.066480
798.982482
797.888995
796.825742
795.829678
794.933282
794.163971
793.545145
793.098691
792.847844
792.818518
793.037526
793.526606
794.294127
795.328309
796.595051
798.041899
799.606228
801.224007
802.836465
804.393627
805.854537
807.185109
808.354921
809.333946
810.090947
810.594360
810.815811
810.735458
810.347696
809.665756
808.723714
807.575263
806.289435
804.944444
803.620672
802.394336
801.333093
800.493472
799.919507
799.641170
799.671520
800.003191
800.606506
801.431408
802.413343
803.481058
804.563403
805.593100
806.508033
807.251640
807.773525
808.031327
807.993952
807.645303
806.987409
806.041831
804.848393
803.461186
801.942485
800.356047
798.762104
797.215269
795.764748
794.455816
793.331103
792.430260
791.787337
791.426347
791.356426
791.567915
792.030436
792.694579
793.497517
794.371752
795.255532
796.102501
796.888552
797.614265
798.301871
798.986509
799.703079
800.472469
801.292587
802.138201
802.969162
803.742275
804.421078
804.980080
805.403663
805.682188
805.807922
805.772653
805.567664
805.185414
804.622364
803.882187
802.978331
801.935741
800.791180
799.591613
798.390182
797.239733
796.185448
795.258721
794.474836
793.834813
793.329583
792.944139
792.660145
792.456903
792.311548
792.199061
792.092460
791.963258
791.782245
791.520932
791.153911
790.662511
790.038927
789.289967
788.439518
787.528713
786.613562
785.760209
785.038182
784.512624
784.236514
784.243504
784.542223
785.113253
785.910874
786.870680
787.921609
788.998837
790.053476
791.056485
791.996600
792.874099
793.692916
794.453603
795.149117
795.764254
796.278332
796.669561
796.919650
797.017647
796.962347
796.763369
796.441222
796.026312
795.556473
795.073175
794.616848
794.221850
793.912240
793.699943
793.585400
793.560616
793.613810
793.734191
793.915926
794.159943
794.473007
794.864609
795.342617
795.909579
796.560527
797.282146
798.052989
798.843991
799.619490
800.338852
800.958974
801.437924
801.739602
801.838877
801.726464
801.412288
800.926109
800.314732
799.635414
798.946704
798.299159
797.728421
797.252847
796.876184
796.593641
796.398937
796.290132
796.272676
796.358725
796.563525
796.900465
797.376586
797.990514
798.732825
799.588187
800.537682
801.559971
802.631971
803.729353
804.827879
805.905432
806.944038
807.930952
808.857631
809.716525
810.496586
811.179709
811.740409
812.149340
812.379512
812.412810
812.244136
811.882100
811.346856
810.665873
809.869114
808.985239
808.039628
807.054634
806.052050
805.056722
804.099315
803.216799
802.449818
801.837392
801.410668
801.188543
801.176618
801.368543
801.748249
802.291807
802.968298
803.740509
804.566307
805.400757
806.198839
806.918318
807.522302
807.981284
808.274857
808.392743
808.335355
808.113854
807.749594
807.273291
806.723574
806.144911
805.584979
805.091210
804.706262
804.462518
804.376276
804.442965
804.635518
804.906710
805.195273
805.434150
805.558543
805.512370
805.252988
804.754735
804.011619
803.039145
801.874461
800.574228
799.209841
797.860451
796.604985
795.514243
794.644273
794.031685
793.691015
793.614125
793.771549
794.115866
794.586578
795.116234
795.637069
796.087745
796.419966
796.603641
796.629965
796.511617
796.279326
795.975743
795.647930
795.339816
795.086541
794.911589
794.826977
794.836221
794.938725
795.134345
795.426366
795.822389
796.332855
796.967259
797.729755
798.614817
799.604191
800.666355
801.758683
802.832074
803.836649
804.727283
805.467661
806.031741
806.402856
806.571292
806.531292
806.279141
805.813010
805.134382
804.250524
803.176727
801.937648
800.567416
799.108725
797.611301
796.130085
794.723379
793.450944
792.371764
791.540802
791.004730
790.797001
790.933206
791.408299
792.196938
793.256477
794.531157
795.955994
797.459397
798.965533
800.398041
801.685620
802.768753
803.605443
804.174080
