807.279249
809.378758
810.542483
815.944204
816.672741
816.446689
816.681797
813.672975
811.537490
804.116755
800.384947
799.885651
801.677745
800.852178
800.254330
799.737399
798.879880
804.448353
803.277497
800.122916
797.873545
797.380663
797.114432
799.669212
798.689250
798.594569
799.100003
798.132837
796.564098
801.758866
797.865263
800.290028
800.161709
800.287844
800.940664
801.418342
802.103927
803.226785
803.859508
801.765896
798.837267
799.291568
795.693438
796.362867
798.801363
795.610286
793.368100
796.844831
796.813812
795.861354
794.985886
791.522789
793.134233
792.822523
792.045244
792.588652
791.366460
793.148106
791.358763
790.631494
789.475208
790.644275
790.903119
787.152496
785.061151
783.258918
783.232945
782.285679
782.012925
779.165248
775.818832
772.254898
772.012181
774.948709
775.503517
774.508846
772.204311
775.978560
778.346528
783.972016
782.840005
781.096130
780.943344
784.398028
785.675876
785.458470
790.959246
796.570090
798.151828
803.655822
805.577383
803.474292
806.004635
809.754254
809.667514
809.162258
810.258478
809.768173
812.868914
808.965007
809.388879
809.050371
811.000996
809.933475
808.575171
805.512176
801.781488
800.691533
800.281325
797.922956
799.731315
801.001104
798.061747
798.689320
794.429879
787.850389
788.406173
786.178804
786.898538
792.499799
793.289599
794.787319
796.422754
799.960361
799.256926
797.473498
793.304659
792.760977
794.623766
794.078132
794.968160
797.991117
799.424618
800.896955
801.998775
801.816453
805.348349
806.531323
806.166552
805.613390
805.795230
808.428180
807.147698
805.053428
807.286958
803.990043
802.474159
803.304219
801.732876
800.944319
803.445020
805.902701
804.038353
805.945986
805.577288
808.216646
807.300476
806.032353
804.845231
801.608565
800.420339
799.498020
799.824860
801.133948
801.492909
800.974151
799.651673
800.408806
798.273121
799.844866
805.662733
805.421211
808.170378
807.763830
806.159018
803.436765
804.369467
801.427077
800.152213
796.782057
798.553816
799.943288
798.986347
797.726453
798.556266
799.304429
795.541105
789.536299
787.113473
787.018404
790.624528
789.637410
789.344073
786.185491
782.144171
782.954944
781.548747
779.416928
775.943479
774.623140
773.043800
769.020384
766.135265
766.990523
766.460678
769.164879
770.324385
773.081141
776.037476
779.653396
779.594556
783.375246
786.866659
786.695944
789.344823
793.298337
799.001528
799.641628
804.441084
805.339788
804.435858
806.143851
808.545052
810.944662
811.946572
809.381410
808.819754
808.382965
806.873867
806.954403
805.834237
809.524691
808.554094
809.799053
811.746488
810.039908
809.473498
810.222226
808.852310
809.336194
808.522443
808.384636
808.541488
811.312724
810.640355
810.638816
811.480014
809.386987
812.312826
811.366769
812.616147
811.050017
809.403511
809.104189
807.506055
804.358167
806.859040
805.870410
805.233969
804.999971
803.945038
809.958750
816.679706
816.429427
817.245907
813.820972
813.491578
813.772817
809.636281
811.308724
812.867554
812.777657
810.632897
811.518378
813.339609
812.512182
814.957814
813.362735
815.483481
815.868001
814.798955
815.632347
819.917753
824.018441
824.805317
826.983785
825.737772
824.962655
822.377069
823.408592
818.724375
813.961807
814.087718
814.918557
813.310720
809.546032
811.332325
807.497467
804.920011
802.302483
801.840922
801.582450
802.850416
805.190008
802.308673
805.033180
805.186778
804.637417
807.575927
809.542799
809.375265
811.129290
812.502392
809.838550
813.359601
814.474978
814.641693
813.996149
810.374850
811.529670
810.020652
806.560615
807.686716
806.166681
806.808464
806.958180
811.003520
807.466566
807.180725
807.357878
805.684031
803.455906
801.770819
801.038651
800.090151
800.125322
801.584798
799.882437
800.742766
803.700312
806.330726
807.597697
808.292657
809.883489
812.760577
811.762643
813.998973
814.087462
812.839345
811.658483
811.500261
809.452727
810.901996
808.994848
809.869665
808.864069
814.176105
812.514869
812.861515
812.922076
811.772095
809.379969
809.059979
809.317162
810.348192
809.098608
810.421781
812.426571
807.951497
807.012335
808.665746
808.230126
804.593020
804.155339
805.882011
808.172972
808.163090
807.370705
806.497365
802.235961
801.060850
799.733772
799.611188
797.238146
799.358370
797.042891
797.937621
797.097104
795.581810
796.613217
797.060745
797.267108
797.821652
798.332125
795.097651
793.669418
793.848179
791.093514
789.273410
785.998489
787.240925
787.021043
786.181150
787.501480
789.918551
791.786411
792.796637
796.455175
793.503978
794.451076
796.236313
793.513599
790.386747
792.390511
788.640708
788.639555
788.059967
785.601350
788.220593
789.164204
790.984808
789.771592
787.747501
786.787086
788.593584
789.027993
788.700600
788.045906
788.010973
788.017986
789.157495
787.539125
785.249372
788.514377
787.758180
787.307039
787.207225
788.856386
789.360986
792.452196
795.097085
794.589624
798.231005
797.759587
800.432100
799.645147
801.348060
803.141494
808.096501
807.471523
810.210465
814.196875
815.949562
815.522423
815.266923
818.036089
817.823429
816.313242
815.856849
814.187902
807.824418
807.904576
806.679193
802.979299
801.867556
799.455235
797.197308
793.386950
792.964334
791.649748
786.366289
783.870297
787.613956
786.363129
785.526930
784.084295
786.957129
787.103992
787.205119
788.276347
786.546634
790.337251
791.553509
794.143293
797.259922
802.015425
804.556196
807.213999
808.243807
806.148600
806.116301
807.459522
803.686883
805.084209
806.722065
806.224911
806.814915
804.483787
800.612226
803.247659
805.787637
805.618673
802.673410
805.918867
804.699401
805.161919
807.475790
803.577856
803.519419
802.543298
805.454487
808.682970
810.850883
811.418108
810.045422
809.759497
810.341994
810.332514
809.188590
805.127684
806.372605
806.273716
806.056664
805.515985
802.814187
801.574592
802.148027
798.970104
799.809735
801.657718
802.412524
803.393195
804.401673
804.300061
804.169135
798.863121
797.222426
798.283502
801.292071
804.463452
804.215856
805.879136
809.462226
810.555177
810.154365
810.897062
811.817607
813.339246
811.412231
817.582203
817.744512
819.851095
818.787602
816.930566
818.406455
817.924791
817.048511
818.555652
815.366729
815.158200
811.549264
809.191106
803.617468
800.852524
797.928795
799.636814
799.032378
795.630051
799.628708
799.984942
798.074075
794.999280
792.250899
791.175722
790.217083
790.175542
787.230242
784.317754
787.111626
789.744317
792.225798
793.872523
796.651550
795.647902
799.525813
800.718241
801.012353
803.966759
808.149200
810.557094
811.965594
813.128984
815.142606
818.896796
821.985553
821.050245
825.151010
823.743676
823.977635
825.010317
829.399415
827.801693
829.948013
830.889106
830.692229
830.907538
832.730728
834.094928
834.775769
835.576931
835.298745
830.467537
832.421564
836.129301
837.555275
837.431465
834.761567
833.454920
832.702866
832.437446
831.418536
833.626834
831.603112
830.602003
832.383856
832.741431
832.078534
830.454375
834.317203
837.498025
837.211469
839.523158
838.405358
840.158277
840.098517
837.910010
839.042803
835.956566
834.496236
830.164844
828.224487
827.498472
824.557385
824.227118
827.104437
825.222474
823.976278
824.273183
828.921835
827.674122
828.813099
829.862677
829.356394
828.736975
831.512667
828.546047
833.134743
833.341551
834.944549
836.499732
832.329019
829.473039
825.050886
822.935105
823.371237
823.570432
823.523954
823.000670
823.048153
822.701350
826.470574
823.558098
822.207881
821.490552
822.407642
824.804268
820.546648
821.324446
821.837502
823.493742
823.076010
827.147053
827.947878
829.989891
833.104318
832.255875
828.986105
830.763790
830.191042
830.707082
833.515879
830.951322
829.742950
827.372602
824.758817
825.892178
829.356046
825.985684
827.366499
828.661341
826.012430
822.108337
819.325687
818.196167
815.575458
811.688150
812.935211
812.805896
811.684732
811.047773
811.128856
812.375457
813.401661
812.610162
816.640275
821.175014
817.829855
816.610942
818.185855
815.839469
817.706163
821.863488
819.615418
822.967204
824.067217
824.343477
820.387008
820.041939
820.646304
821.704857
823.654192
826.656425
827.224617
829.523037
830.866883
831.901354
833.805461
836.113660
838.950000
839.368264
835.704091
834.616854
837.724700
838.924061
837.847642
837.458229
840.192652
840.982046
840.833009
843.368665
844.114192
840.845346
837.794751
832.420010
828.886224
824.927540
819.563977
820.545128
818.691635
814.673604
815.949248
816.433300
813.227881
811.031606
808.846307
807.169117
808.156087
808.446412
804.937103
802.800939
806.498084
804.811412
805.050402
805.518344
808.506979
807.220257
808.821431
811.023143
810.837056
815.348878
817.325842
818.113608
822.001766
825.749672
827.322196
830.079970
829.554119
831.676444
824.925042
823.191522
821.562222
825.107869
827.569728
825.368071
829.688749
827.534502
828.371865
827.019578
826.286120
823.190171
821.524815
827.594390
825.563903
827.530710
828.187662
829.935639
828.165546
829.039176
828.657139
830.039448
830.692534
826.065200
825.406794
823.279950
822.675812
821.560003
823.595586
822.113000
820.327117
819.530874
821.144586
823.293352
827.161211
828.496486
829.011668
829.411023
831.095090
837.310830
839.845695
838.513420
837.738859
837.007132
837.294745
836.442394
837.387571
832.742238
830.829997
831.986357
833.509509
834.563624
834.459144
832.718728
834.730427
834.503986
837.136221
840.402982
838.709651
838.388514
839.146619
843.021935
844.797033
844.143865
841.660285
843.580215
845.365203
844.719793
842.820256
838.419463
837.755195
836.950495
831.062633
827.128794
822.905618
818.517840
817.583732
819.163310
820.744272
817.019176
816.584947
815.470926
815.012821
813.577726
811.379316
811.907701
808.978652
807.948653
805.548371
805.488401
805.097844
807.043326
807.395745
805.371203
805.111385
804.715567
805.107992
810.459332
810.678957
807.692281
806.099040
804.203644
806.986699
805.455250
804.603372
806.113813
807.484217
808.599302
811.460471
810.836461
810.260581
812.345784
811.205611
814.619824
815.995270
812.667642
814.127600
812.774844
814.915780
817.582735
815.772628
815.665778
813.285829
815.886150
815.056920
816.556246
818.598633
816.718834
816.212937
819.935162
819.525185
814.044049
818.088658
818.735272
816.661287
818.536474
815.560094
815.253594
814.355062
810.299094
808.351008
804.679370
805.724869
807.581017
806.380342
806.881851
808.366854
807.413554
812.358888
809.851848
812.178359
809.359494
812.368015
811.283498
809.870179
808.445068
808.632082
807.945133
805.415803
807.123774
806.013013
803.786850
802.966544
802.418286
804.689979
806.862058
804.045353
803.884350
805.303633
805.580467
803.759946
804.929991
802.800503
802.884766
806.994499
808.607111
807.632251
807.151020
811.186184
812.953807
814.570716
811.011167
813.119214
812.029533
812.220122
809.833852
805.644085
804.995293
807.917000
807.507470
807.546820
808.921515
807.800293
807.832993
806.990627
810.951268
813.414283
814.440060
813.331395
811.748158
812.275302
810.813788
808.308772
814.173066
811.156880
810.379155
809.975711
808.603394
808.756872
812.443834
807.747016
809.510721
807.782123
807.163495
806.289519
803.382720
802.397983
803.293229
803.593771
800.364936
799.258123
795.955285
795.882416
802.828590
799.513830
802.375745
803.633778
805.421145
805.975177
803.480309
802.864754
803.399165
807.541827
810.127163
814.618940
816.269605
815.503576
817.343050
820.711534
818.828319
815.548243
815.019040
814.642639
811.927171
810.497476
806.924833
806.369445
808.094008
806.977076
804.113026
801.751768
799.841982
796.157192
793.104080
791.303196
787.827321
788.403116
787.198911
786.130524
785.275801
787.408693
787.322369
790.535988
791.100992
792.580135
795.481738
798.646610
798.911349
803.197515
801.480026
800.593684
795.040078
793.645282
793.278112
794.813478
797.808067
799.327035
799.824429
795.834324
797.484955
800.668561
801.788768
800.264787
800.465000
798.636896
796.829040
795.876724
795.495966
797.762202
799.536331
800.847768
800.125502
800.344546
800.729225
803.339614
800.319538
803.332311
805.319766
803.529832
801.777261
803.141328
805.254723
803.177720
799.796034
800.270322
802.523630
801.010691
803.131858
805.014354
805.078896
802.152961
802.062378
802.212789
804.908947
808.104034
810.715998
813.034407
812.988255
814.577243
813.256880
812.037166
813.798144
814.821891
816.511511
815.076198
814.040664
815.602241
812.686060
812.756086
812.851175
811.837585
807.456141
805.741664
810.918977
815.041854
817.397235
817.481974
815.168186
814.163079
812.317903
807.814849
808.616061
807.391493
804.104367
802.006607
804.600825
802.905493
802.407786
800.570185
800.088054
798.077728
796.891919
796.109551
793.462135
793.020316
795.310957
795.554924
794.177751
793.229214
795.921284
797.254995
796.883687
793.923559
792.484672
792.209061
790.258001
787.674603
787.346557
787.326453
786.827721
787.845057
789.137275
793.918418
794.751658
792.159631
795.510041
797.185032
800.980713
801.679989
804.849593
805.170936
801.551677
801.068463
800.912089
801.345303
797.535971
798.002170
794.809938
793.847954
794.197671
794.171628
794.821571
790.227248
790.344381
790.986057
794.991465
792.727134
791.138192
791.169260
795.064385
797.574093
797.497428
798.701665
796.836037
800.881539
799.827402
800.673497
806.464838
808.212504
809.632761
815.154775
818.221475
815.580933
817.483741
816.783185
813.740234
807.694955
809.761733
807.217733
809.996804
808.353901
805.898143
803.706082
804.228519
803.515077
803.213096
802.652962
800.925959
802.322305
805.567295
807.868073
812.095661
813.115309
816.871522
817.380315
817.258423
815.493854
816.363255
826.074597
827.518861
827.107212
831.933479
829.152613
834.484673
835.154353
835.485747
836.171613
838.303714
838.164176
838.706599
840.846030
839.823045
837.416013
838.884244
840.570102
844.400114
842.387057
842.649857
841.303228
838.983551
842.500411
842.291292
844.216399
842.209606
841.824044
843.481176
842.718052
838.864255
834.735978
833.097367
831.282898
829.348217
829.749927
830.584297
827.849881
825.679812
827.790028
830.790800
831.933427
830.636093
830.818560
830.501921
829.071979
831.526065
829.976642
829.602782
829.326132
825.488726
823.369247
824.314407
826.562746
827.357022
826.402538
825.556701
825.332734
826.543488
825.243326
826.593862
828.442709
829.484145
829.692051
829.036528
827.653407
827.616390
828.185872
829.579429
827.471005
824.867413
821.787724
817.520947
816.576839
814.033382
812.271815
810.085223
810.664033
809.006800
807.710908
809.913646
804.409278
802.244539
802.403893
807.312266
807.865645
808.475156
809.460091
812.579633
812.696479
812.627972
813.688326
815.088622
812.865264
814.170453
818.200759
816.584731
817.425722
820.452556
819.878705
818.335092
819.078096
819.341006
815.982146
814.841609
814.694273
812.851273
816.219869
817.159953
815.998000
817.755019
819.463428
816.639147
819.093267
822.565932
817.797874
816.621046
819.530466
817.267009
823.970246
819.038889
816.337789
815.725081
813.909862
814.702091
813.206587
816.426579
816.985661
816.734964
822.134132
821.711882
821.175994
823.523225
821.584171
822.649934
824.936095
826.083186
826.230929
824.648579
825.210629
825.603977
824.091948
823.617510
826.350051
823.463147
819.606386
825.337615
826.516149
824.023470
825.211144
827.138112
824.343618
820.995239
815.858026
816.982699
814.635552
809.417730
803.705267
804.753874
804.882882
802.287359
802.917904
804.404532
805.460043
803.171880
804.060195
800.486580
802.837551
801.357407
802.464569
801.789863
800.459673
798.431573
797.760443
798.755971
801.695250
801.825766
801.541140
801.798649
801.791893
801.081533
800.596102
800.038863
798.954798
795.917783
796.166971
797.812143
799.624947
800.233102
799.852444
799.856551
799.783431
799.582548
798.790704
800.822425
800.838296
800.964037
800.200195
800.329917
801.499049
802.717833
803.907670
803.070242
804.343121
803.432574
804.405451
801.659125
800.379927
800.189713
803.053343
803.664392
804.175712
804.698769
803.463849
802.834192
800.561126
801.742428
799.106558
800.037424
798.280930
796.785837
797.417783
798.073231
799.464729
799.554181
794.366918
793.801212
790.283782
790.060291
791.952484
792.304762
793.622950
792.978234
797.298313
796.505895
795.447375
793.201534
795.789222
800.411248
798.333231
796.147692
799.000348
797.640553
799.854972
801.231645
803.646542
800.349373
797.305269
798.227247
799.316872
801.474231
803.128439
807.657026
807.063873
808.480049
809.813227
812.474863
814.893979
813.481626
813.274152
813.104508
814.047464
816.247809
815.075342
814.692073
813.909880
811.268920
807.908560
803.085903
803.541516
802.435656
800.013636
801.252362
800.001770
800.271292
801.385909
798.661642
798.595236
795.979145
795.495895
795.248509
797.194260
797.310052
798.550895
800.834132
796.734032
797.763364
800.648765
800.933921
802.428679
801.045522
797.300992
798.421360
798.878949
796.807490
793.648068
793.125359
788.781084
787.919617
786.447675
784.974493
781.175053
779.374717
776.961435
774.310940
772.175674
770.295865
768.383193
767.840846
767.227212
768.136434
770.924247
772.317467
776.321565
777.784283
774.926172
776.165383
780.875261
782.650738
787.225980
790.923728
795.701340
797.548809
796.359082
800.495254
802.050094
802.181783
805.687198
807.131320
806.638062
807.229717
808.528018
811.038199
815.301430
816.581307
817.189685
817.526984
814.653295
811.792995
814.073581
811.994954
811.987116
809.019821
806.573446
806.239714
805.720999
805.935057
809.066012
808.389093
809.705132
807.877927
811.943507
816.022468
817.745079
815.280410
817.974588
817.083473
815.470785
816.112563
816.466980
814.949247
818.069302
817.664796
808.096559
809.015265
806.989973
807.199516
804.023528
803.768877
806.543560
806.238986
807.528590
810.220224
809.303653
810.041367
810.447852
809.114456
809.012862
810.411004
808.258084
806.668312
805.118317
803.465036
801.483586
800.986724
805.857269
806.631807
806.078851
806.302959
807.668116
807.618239
803.626239
806.386882
805.477014
808.073017
808.575453
812.512757
812.439797
810.669621
812.590456
812.081014
811.039163
813.371550
816.155985
814.435087
814.240984
817.238407
817.929823
817.365115
817.478114
815.779875
815.374657
814.136333
814.175415
815.204307
815.080730
814.371420
814.526802
808.827108
809.219502
809.884819
816.230045
815.605920
815.280219
811.581577
808.256151
811.820724
811.215400
808.642659
805.393139
803.414424
801.386250
802.028720
803.162514
800.132185
800.203143
800.455958
804.002402
802.844688
803.616938
801.150707
802.502916
802.046082
801.509795
800.916186
805.625920
803.427712
803.502471
802.514435
802.927838
802.103242
803.286461
805.504117
803.366592
803.956207
801.975921
805.606281
803.232230
802.194351
802.310975
801.516799
800.046708
797.760480
796.101310
796.168963
797.336193
796.350796
796.616430
798.027866
797.690626
797.321692
799.215621
798.611963
799.197102
798.697743
798.998137
804.003559
804.304502
805.970656
803.545153
807.946599
810.094217
811.743990
809.911639
809.521606
811.884651
814.572173
817.316324
816.239834
817.134676
815.470973
821.354351
823.136453
823.730441
819.449502
821.698056
820.951784
819.914649
817.688164
814.139954
810.330037
808.088142
810.439227
813.472813
813.580252
810.370941
809.757956
810.264221
810.782735
807.854690
813.109779
815.939803
818.818931
818.974054
820.759373
820.944919
818.633266
819.793309
820.278254
819.746284
817.926929
817.007491
817.389796
816.067921
816.095912
818.038432
816.879445
816.639861
813.385349
812.227585
809.033272
810.127985
809.288668
805.011312
803.248470
804.256303
808.783598
813.202160
820.896532
819.975197
819.966520
824.594771
822.483156
821.912515
823.295197
823.750752
826.508781
820.625255
820.398014
822.363787
821.720572
825.456322
826.505955
824.282249
824.525991
824.813122
823.991854
823.886502
819.843620
819.217103
820.035821
818.805830
817.041867
814.397083
813.509820
813.112586
814.026968
810.614151
810.824756
810.954616
808.594177
807.803447
808.262810
808.167515
809.749375
808.079923
809.264437
809.078128
808.376389
808.526136
805.657787
806.433653
805.879455
805.557852
808.023730
810.605580
809.728660
811.962297
809.842068
811.079840
808.863119
810.481329
805.786608
809.798784
806.165350
803.941904
801.780078
800.296246
797.362563
796.056426
800.703478
801.090480
805.764539
806.015187
806.525165
807.248651
807.165058
804.499831
804.036094
805.534080
804.862168
804.300417
807.702036
808.153005
807.445317
805.560403
802.568474
806.986959
807.849979
811.795341
811.794356
814.781951
814.945163
813.004581
813.110356
810.197481
813.778032
814.490286
815.771124
815.125221
822.850570
827.416448
829.599241
831.746202
829.755345
832.964169
835.840670
840.373090
838.197643
838.336512
837.066975
832.986059
833.279033
832.610807
832.419757
834.528449
830.124449
827.964230
826.123949
827.822765
827.132779
828.480348
829.906965
830.259466
830.718639
833.359071
833.004207
833.979107
833.370646
833.857239
833.867929
832.156812
832.667187
829.532525
828.484577
826.697435
825.542736
830.058534
828.397020
826.415636
825.511938
826.455144
827.480062
821.258382
816.935070
816.028623
818.906195
813.200886
815.871293
810.813336
809.095342
809.111331
806.890314
804.143707
804.765275
804.333590
804.226445
802.184687
803.204133
806.442912
803.812920
805.543502
808.807763
806.024554
802.369651
806.703945
805.924012
802.514588
804.064754
803.949367
803.353043
803.752473
803.013441
802.591140
803.801019
803.538383
804.889418
804.539673
805.167245
806.408962
810.002548
810.431001
813.569225
811.463191
812.508790
813.324420
813.679673
817.717642
815.949477
816.542458
817.092936
817.773325
817.410400
819.822184
818.495947
815.145171
814.069775
811.489555
811.403228
813.373893
814.766470
819.417084
819.517331
820.227330
821.617137
820.158866
817.617649
816.807652
815.184581
817.326569
818.727512
815.815281
813.922264
810.852490
809.494744
812.004997
808.572195
807.797531
806.277718
804.293518
800.879445
799.392622
798.169227
795.675818
794.807207
795.402687
795.567706
793.190874
796.790232
797.450519
799.660102
800.163649
800.741793
804.404790
805.715841
805.753514
809.254206
812.707399
810.302737
811.923982
814.813897
813.645420
813.868968
815.090060
817.033296
