0.788903
0.700085
0.564967
0.41106
0.280547
0.209906
0.205846
0.246139
0.300126
0.345564
0.373366
0.384566
0.385266
0.38273
0.383042
0.389735
0.403187
0.420936
0.438867
0.452874
0.460392
0.46091
0.455339
0.445212
0.432374
0.41904
0.407724
0.400572
0.398527
0.4011
0.406687
0.413264
0.41908
0.422744
0.423251
0.420598
0.416121
0.411807
0.409289
0.409329
0.411766
0.415705
0.419925
0.423327
0.425204
0.425285
0.423636
0.420741
0.41783
0.416684
0.418596
0.423299
0.428889
0.433078
0.434524
0.432924
0.428619
0.422549
0.416141
0.410824
0.407433
0.406171
0.406997
0.409704
0.41381
0.418597
0.423214
0.426784
0.428693
0.428742
0.427153
0.424617
0.422022
0.420074
0.419137
0.419195
0.419813
0.420247
0.419885
0.418705
0.417289
0.416391
0.416322
0.41671
0.417002
0.417029
0.41687
0.416574
0.416309
0.41643
0.417117
0.418206
0.41939
0.420361
0.420867
0.420831
0.420393
0.419775
0.419149
0.418606
0.557293
0.680907
0.780018
0.851117
0.896455
0.923114
0.943067
0.968789
1.00524
1.04982
1.09714
1.14155
1.17967
1.21387
1.25012
1.28877
1.32481
1.35778
1.39481
1.44741
1.51341
1.57447
1.61876
1.64966
1.67512
1.70088
1.73342
1.77489
1.81468
1.83836
1.85055
1.8665
1.89424
1.92335
1.94721
1.97356
1.99833
2.01161
2.01127
2.00548
2.00558
2.02354
2.05378
2.07949
2.09341
2.10568
2.11842
2.13339
2.14973
2.15831
2.169
2.18396
2.19445
2.19875
2.21043
2.23154
2.25676
2.27594
2.27409
2.27365
2.28528
2.29348
2.29272
2.28825
2.28844
2.31259
2.35501
2.37897
2.36512
2.33101
2.31715
2.33747
2.36203
2.37455
2.38129
2.38568
2.38483
2.36812
2.35687
2.37509
2.40715
2.42475
2.42272
2.41624
2.43303
2.46154
2.46783
2.46036
2.46328
2.47449
2.47632
2.46114
2.43528
2.42545
2.44825
2.48583
2.50717
2.49856
2.4809
2.4779
2.47637
2.47561
2.47997
2.47999
2.4763
2.47611
2.47296
2.47455
2.46506
2.4566
2.4468
2.44251
2.45431
2.4699
2.48032
2.46309
2.42703
2.40681
2.40958
2.42527
2.44159
2.47366
2.51067
2.51679
2.49461
2.47629
2.47398
2.47232
2.4735
2.47519
2.46757
2.45896
2.46622
2.49098
2.51221
2.50575
2.48516
2.48422
2.50074
2.50415
2.48703
2.46936
2.46571
2.47903
2.49368
2.49888
2.50215
2.51317
2.5169
2.50124
2.48049
2.47307
2.4886
2.50164
2.49801
2.4945
2.49782
2.51111
2.53035
2.53804
2.5305
2.52948
2.54264
2.55636
2.56371
2.55008
2.51656
2.49132
2.49457
2.50142
2.496
2.50073
2.51266
2.51058
2.50512
2.51595
2.51849
2.499
2.4676
2.45073
2.44647
2.4435
2.45112
2.47342
2.49051
2.48982
2.49154
2.4953
2.47824
2.46014
2.44998
2.44379
2.45615
2.48317
2.50447
2.51449
2.5188
2.52264
2.52951
2.53254
2.52986
2.54054
2.56594
2.57486
2.55578
2.53866
2.53467
2.52876
2.50849
2.48788
2.47877
2.47583
2.48376
2.50299
2.50741
2.49593
2.5005
2.51313
2.51067
2.5032
2.49695
2.50025
2.52089
2.54573
2.55792
2.54866
2.52982
2.52894
2.53807
2.53962
2.53968
2.52275
2.48453
2.45
2.4469
2.47714
2.4963
2.47701
2.43803
2.42991
2.47907
2.54249
2.56186
2.53697
2.51361
2.50627
2.50839
2.5203
2.52552
2.5195
2.49774
2.48797
2.49389
2.50431
2.5308
2.55984
2.54922
2.51312
2.49132
2.48067
2.48605
2.48193
2.45871
2.4601
2.49286
2.51737
2.53244
2.53118
2.51544
2.49113
2.47701
2.48888
2.50642
2.51289
2.50937
2.48952
2.46997
2.47562
2.4882
2.49845
2.50447
2.50632
2.51052
2.51402
2.51626
2.52952
2.52963
2.51538
2.49418
2.47992
2.48129
2.47989
2.47524
2.48338
2.49102
2.49207
2.47989
2.46777
2.47682
2.50236
2.53067
2.55068
2.55244
2.53645
2.52641
2.52765
2.54387
2.54322
2.52003
2.50389
2.50027
2.50405
2.49674
2.47774
2.47595
2.50027
2.52693
2.5273
2.51467
2.50884
2.51218
2.52025
2.52743
2.52401
2.51831
2.51822
2.51925
2.51308
2.49934
2.49787
2.50235
2.50671
2.51325
2.51608
2.51812
2.51565
2.51316
2.50321
2.46779
2.4424
2.44613
2.45197
2.45303
2.4586
2.46083
2.43944
2.42673
2.46334
2.51305
2.53248
2.52489
2.50619
2.49318
2.48862
2.49588
2.49509
2.47742
2.47005
2.47134
2.47209
2.47438
2.47081
2.46899
2.48204
2.49412
2.4938
2.49638
2.50093
2.50497
2.51093
2.51018
2.50357
2.51801
2.52828
2.51764
2.51208
2.50774
2.4971
2.48916
2.4799
2.46595
2.45976
2.47171
2.47917
2.47821
2.47388
2.47019
2.47581
2.48353
2.48912
2.49115
2.49823
2.51593
2.54317
2.5705
2.56827
2.54275
2.52124
2.50375
2.48899
2.48868
2.50626
2.50499
2.46646
2.43424
2.43706
2.45473
2.47724
2.50626
2.51961
2.50701
2.49511
2.49038
2.49434
2.50893
2.51514
2.50284
2.46656
2.43379
2.43199
2.45472
2.48671
2.49394
2.4805
2.48565
2.50821
2.51617
2.5064
2.48806
2.47893
2.47829
2.48052
2.50678
2.51603
2.48918
2.45481
2.43816
2.45132
2.47316
2.47564
2.47012
2.48381
2.51422
2.53575
2.55055
2.55355
2.53491
2.50414
2.48095
2.4881
2.50507
2.52223
2.52303
2.50252
2.49255
2.51303
2.54312
2.54377
2.52423
2.51194
2.50077
2.48802
2.47707
2.47664
2.47178
2.46985
2.4875
2.51149
2.5231
2.52821
2.5271
2.51404
2.4848
2.46538
2.4747
2.51314
2.55312
2.56809
2.56105
2.55487
2.55308
2.557
2.56838
2.58074
2.5785
2.54712
2.5001
2.46719
2.45918
2.47984
2.51046
2.52531
2.52501
2.52362
2.5191
2.51849
2.52036
2.5185
2.5133
2.50614
